colorblind_friendly/ch7/fig4b.asc
ncols 500
nrows 500
xllcorner 0
yllcorner 0
cellsize 1.000000
NODATA_value -9999
[rows 219 to 291 of 500, columns 192 to 287 of 500]
135 135 135 134 134 133 133 133 132 132 131 131 131 130 130 129 129 128 128 128 127 127 126 126 126 125 125 124 124 124 123 123 122 121 119 115 111 107 101 96 90 84 78 69 63 57 51 45 40 34 29 23 18 14 9 6 3 2 1 2 3 6 9 14 18 23 29 34 40 45 51 57 63 69 78 84 90 96 102 107 112 116 119 121 123 123 124 124 124 125 125 126 126 126 127 127
135 135 134 134 133 133 133 132 132 131 131 131 130 130 129 129 128 128 128 127 127 126 126 126 125 125 124 124 124 123 123 122 122 120 118 115 111 106 100 94 89 82 77 68 62 56 50 45 39 33 28 23 18 13 9 6 3 2 1 2 3 6 9 13 18 23 28 34 39 45 50 56 62 68 77 83 89 95 101 106 111 115 118 121 122 123 123 124 124 124 125 125 126 126 126 127
135 134 134 133 133 133 132 132 131 131 131 130 130 129 129 128 128 128 127 127 126 126 126 125 125 124 124 124 123 123 122 122 122 120 117 114 110 105 99 93 87 81 75 67 61 55 49 44 38 33 27 22 18 13 9 6 3 2 1 2 3 6 9 13 18 22 28 33 38 44 49 55 61 67 75 81 87 93 99 105 110 114 118 120 122 122 123 123 124 124 124 125 125 126 126 126
134 134 133 133 133 132 132 131 131 131 130 130 129 129 128 128 128 127 127 126 126 126 125 125 124 124 124 123 123 122 122 122 121 119 116 113 108 103 97 92 86 80 74 66 60 54 48 43 37 32 27 22 17 13 9 6 3 2 1 2 3 6 9 13 17 22 27 32 37 43 48 54 60 66 74 80 86 92 98 103 108 113 117 119 122 122 122 123 123 124 124 124 125 125 126 126
134 133 133 133 132 132 131 131 131 130 130 129 129 128 128 128 127 127 126 126 126 125 125 124 124 124 123 123 122 122 122 121 121 117 115 111 106 101 95 90 84 78 72 64 58 52 47 42 36 31 26 21 17 12 9 6 3 2 1 2 3 6 9 13 17 21 26 31 36 42 47 53 58 64 72 78 84 90 96 101 106 111 115 118 121 122 122 122 123 123 124 124 124 125 125 126
132 132 131 131 130 130 130 129 129 128 128 128 127 127 126 126 126 125 125 124 124 124 123 123 122 122 122 121 121 120 120 119 117 115 112 108 104 99 93 87 81 76 70 62 56 51 46 40 35 30 25 21 16 12 8 5 3 2 1 2 3 5 9 12 16 21 26 30 35 41 46 51 57 62 70 76 82 87 93 99 104 109 112 116 118 119 120 121 121 122 122 122 123 123 124 124
130 129 129 128 128 128 127 127 127 126 126 125 125 124 124 124 123 123 123 122 122 121 121 121 120 120 120 119 119 118 117 116 115 112 109 105 101 95 90 84 79 73 68 60 55 49 44 39 34 29 25 20 16 12 8 5 3 2 1 2 3 5 8 12 16 20 25 29 34 39 44 50 55 60 68 73 79 85 90 96 101 105 109 112 115 117 118 118 119 119 120 120 121 121 121 122
126 126 126 125 125 125 124 124 123 123 123 122 122 121 121 121 120 120 120 119 119 118 118 118 117 117 117 116 115 115 114 113 111 108 105 101 97 92 87 81 76 71 65 58 53 48 43 38 33 28 24 19 15 11 8 5 3 2 1 2 3 5 8 11 15 20 24 28 33 38 43 48 53 58 65 71 76 81 87 92 97 101 105 109 111 113 114 115 116 116 117 117 118 118 119 119
122 122 122 121 121 121 120 120 120 119 119 118 118 118 117 117 117 116 116 116 115 115 114 114 114 113 113 112 111 111 110 108 106 104 101 97 92 88 83 78 73 68 63 56 51 46 41 36 32 27 23 19 15 11 8 5 3 2 1 2 3 5 8 11 15 19 23 27 32 36 41 46 51 56 63 68 73 78 83 88 93 97 101 104 106 108 110 111 112 112 113 114 114 114 115 115
118 117 117 117 116 116 116 115 115 115 114 114 113 113 113 112 112 112 111 111 111 110 110 110 109 109 109 107 107 106 105 103 101 99 95 92 88 83 79 74 69 65 60 53 48 44 39 35 30 26 22 18 14 11 7 5 3 1 1 2 3 5 7 11 14 18 22 26 31 35 39 44 49 53 60 65 69 74 79 84 88 92 96 99 101 103 105 106 107 108 109 109 110 110 110 111
113 112 112 112 111 111 111 110 110 110 109 109 109 108 108 108 107 107 107 106 106 105 105 105 104 104 104 102 101 100 99 97 95 93 90 87 83 79 74 70 66 61 57 51 46 42 37 33 29 25 21 17 14 10 7 5 3 1 1 1 3 5 7 10 14 17 21 25 29 33 38 42 46 51 57 61 66 70 75 79 83 87 90 93 96 98 99 101 102 102 104 104 105 105 105 106
107 107 106 106 106 106 105 105 105 104 104 104 103 103 102 102 102 102 101 101 100 100 100 99 99 99 98 96 96 94 93 92 90 87 84 81 78 74 70 66 62 58 54 48 44 40 36 32 28 24 20 16 13 10 7 4 3 1 1 1 3 4 7 10 13 16 20 24 28 32 36 40 44 48 54 58 62 66 70 74 78 81 85 87 90 92 93 95 96 97 98 99 99 100 100 100
101 101 101 100 100 100 99 99 99 99 98 98 97 97 97 97 96 96 96 95 95 94 94 94 93 93 93 91 90 89 87 86 84 81 79 76 73 69 66 62 58 55 51 45 41 37 34 30 26 23 19 16 12 9 7 4 3 1 1 1 3 4 7 9 12 16 19 23 26 30 34 37 41 45 51 55 58 62 66 69 73 76 79 82 84 86 87 89 90 91 93 93 94 94 94 95
95 95 95 94 94 94 94 93 93 93 92 92 92 91 91 91 91 90 90 90 89 89 88 88 88 87 87 85 84 82 81 80 78 76 73 71 68 65 61 58 55 51 48 42 39 35 32 28 25 21 18 15 12 9 6 4 2 1 1 1 2 4 6 9 12 15 18 21 25 28 32 35 39 42 48 51 55 58 61 65 68 71 73 76 78 80 81 83 84 85 87 87 88 88 89 89
89 89 88 88 88 88 88 87 87 87 86 86 86 86 85 85 85 84 84 84 83 83 83 82 82 81 81 79 78 77 75 74 72 70 68 65 63 60 57 54 51 48 44 39 36 33 30 26 23 20 17 14 11 8 6 4 2 1 1 1 2 4 6 8 11 14 17 20 23 26 30 33 36 40 45 48 51 54 57 60 63 65 68 70 72 74 75 77 78 79 81 82 82 83 83 83
80 80 80 80 79 79 79 79 78 78 78 78 77 77 77 76 76 76 75 75 75 75 74 74 73 73 73 70 69 68 67 66 64 62 60 58 56 53 51 48 45 42 40 35 32 29 27 24 21 18 15 12 10 7 5 4 2 1 1 1 2 4 5 7 10 12 15 18 21 24 27 30 32 35 40 42 45 48 51 53 56 58 60 62 64 66 67 68 69 70 71 72 72 73 74 74
74 74 73 73 73 73 72 72 72 72 72 71 71 71 70 70 70 70 69 69 69 68 68 68 67 67 66 64 63 62 61 60 58 57 55 53 51 48 46 44 41 39 36 32 30 27 24 22 19 17 14 12 9 7 5 3 2 1 1 1 2 3 5 7 9 12 14 17 19 22 24 27 30 32 36 39 41 44 46 49 51 53 55 57 58 60 61 62 63 64 65 66 66 67 67 68
67 67 67 67 66 66 66 66 66 65 65 65 64 64 64 64 63 63 63 63 62 62 62 62 61 61 60 58 57 56 55 54 53 51 49 48 46 44 42 40 37 35 33 29 27 25 22 20 18 15 13 11 8 6 5 3 2 1 1 1 2 3 5 6 8 11 13 15 18 20 22 25 27 30 33 35 37 40 42 44 46 48 50 51 53 54 55 56 57 58 59 59 60 61 61 62
61 60 60 60 60 60 60 59 59 59 59 59 58 58 58 57 57 57 57 56 56 56 56 55 55 55 54 52 51 50 49 48 47 46 44 43 41 39 37 36 34 32 30 27 24 22 20 18 16 14 12 10 8 6 4 3 2 1 1 1 2 3 4 6 8 10 12 14 16 18 20 22 24 27 30 32 34 36 38 39 41 43 44 46 47 48 49 50 51 52 53 53 54 54 55 55
54 54 54 54 53 53 53 53 53 53 52 52 52 51 51 51 51 51 51 50 50 50 50 49 49 49 48 46 45 45 44 43 42 40 39 38 36 35 33 32 30 28 26 24 22 20 18 16 14 12 10 9 7 5 4 3 2 1 1 1 2 3 4 5 7 9 10 12 14 16 18 20 22 24 26 28 30 32 33 35 36 38 39 41 42 43 44 45 45 46 47 47 48 48 49 49
47 47 47 47 47 47 47 47 46 46 46 46 45 45 45 45 45 44 44 44 44 44 43 43 43 43 42 40 40 39 38 37 36 35 34 33 32 30 29 28 26 25 23 21 19 18 16 14 13 11 9 8 6 5 4 3 2 1 1 1 2 2 4 5 6 8 9 11 13 14 16 18 19 21 23 25 26 28 29 31 32 33 34 35 36 37 38 39 40 40 41 41 42 42 43 43
41 41 41 41 40 40 40 40 40 40 40 40 39 39 39 39 38 38 38 38 38 38 37 37 37 37 36 35 34 33 33 32 31 30 29 28 27 26 25 24 23 21 20 18 17 15 14 12 11 10 8 7 5 4 3 2 2 1 1 1 2 2 3 4 5 7 8 10 11 12 14 15 17 18 20 21 23 24 25 26 27 28 29 30 31 32 33 34 34 35 35 36 36 36 37 37
35 34 34 34 34 34 34 34 34 34 34 33 33 33 33 33 32 32 32 32 32 32 31 31 31 31 31 29 29 28 28 27 26 25 25 24 23 22 21 20 19 18 17 15 14 13 12 10 9 8 7 6 5 4 3 2 2 1 1 1 1 2 3 4 5 6 7 8 9 10 12 13 14 15 17 18 19 20 21 22 23 24 25 26 26 27 28 28 29 29 30 30 30 31 31 31
28 28 28 28 28 28 28 28 28 28 27 27 27 27 27 27 26 26 26 26 26 26 26 26 25 25 25 24 23 23 22 22 21 21 20 19 19 18 17 16 16 15 14 12 12 11 10 9 8 7 6 5 4 3 2 2 1 1 1 1 1 2 2 3 4 5 6 7 8 9 10 11 12 12 14 15 16 16 17 18 19 20 20 21 21 22 22 23 23 24 24 24 25 25 25 25
22 22 22 22 22 22 22 22 22 22 22 22 21 21 21 21 21 21 21 20 20 20 20 20 20 20 20 19 18 18 18 17 17 16 16 15 15 14 14 13 12 12 11 10 9 8 8 7 6 5 5 4 3 3 2 2 1 1 1 1 1 2 2 3 3 4 5 5 6 7 8 8 9 10 11 12 12 13 14 14 15 15 16 16 17 17 18 18 18 19 19 19 19 20 20 20
17 17 17 17 16 16 16 16 16 16 16 16 16 16 16 16 15 15 15 15 15 15 15 15 15 15 15 14 14 13 13 13 13 12 12 11 11 11 10 10 9 9 8 7 7 6 6 5 5 4 4 3 3 2 2 1 1 1 1 1 1 1 2 2 3 3 4 4 5 5 6 6 7 7 8 9 9 10 10 11 11 11 12 12 13 13 13 13 14 14 14 14 14 15 15 15
12 12 12 12 11 11 11 11 11 11 11 11 11 11 11 11 11 11 11 11 11 10 10 10 10 10 10 10 9 9 9 9 9 9 8 8 8 7 7 7 7 6 6 5 5 5 4 4 4 3 3 2 2 2 2 1 1 1 1 1 1 1 2 2 2 2 3 3 4 4 4 5 5 5 6 6 7 7 7 7 8 8 8 9 9 9 9 9 9 10 10 10 10 10 10 10
7 7 7 7 7 7 7 7 7 7 7 7 7 7 7 7 7 7 7 7 7 7 7 6 6 6 6 6 6 6 6 6 6 5 5 5 5 5 5 4 4 4 4 4 3 3 3 3 3 2 2 2 2 1 1 1 1 1 1 1 1 1 1 1 2 2 2 2 2 3 3 3 3 4 4 4 4 4 5 5 5 5 5 5 6 6 6 6 6 6 6 6 6 6 6 6
4 4 4 4 4 4 4 4 4 4 4 4 4 4 4 4 4 4 4 4 4 4 4 4 4 4 4 3 3 3 3 3 3 3 3 3 3 3 3 3 3 2 2 2 2 2 2 2 2 2 2 1 1 1 1 1 1 1 1 1 1 1 1 1 1 1 1 2 2 2 2 2 2 2 2 2 3 3 3 3 3 3 3 3 3 3 3 3 3 3 3 3 3 3 4 4
2 2 2 2 2 2 2 2 2 2 2 2 2 2 2 2 2 2 2 2 2 2 2 2 2 2 2 2 2 2 2 2 2 2 2 2 2 2 1 1 1 1 1 1 1 1 1 1 1 1 1 1 1 1 1 1 1 1 1 1 1 1 1 1 1 1 1 1 1 1 1 1 1 1 1 1 1 1 1 2 2 2 2 2 2 2 2 2 2 2 2 2 2 2 2 2
1 1 1 1 1 1 1 1 1 1 1 1 1 1 1 1 1 1 1 1 1 1 1 1 1 1 1 1 1 1 1 1 1 1 1 1 1 1 1 1 1 1 1 1 1 1 1 1 1 1 1 1 1 1 1 1 1 1 1 1 1 1 1 1 1 1 1 1 1 1 1 1 1 1 1 1 1 1 1 1 1 1 1 1 1 1 1 1 1 1 1 1 1 1 1 1
2 2 2 2 2 2 2 2 2 2 2 2 2 2 2 2 2 2 2 2 2 2 2 2 2 2 2 2 2 2 2 2 2 2 2 2 2 1 1 1 1 1 1 1 1 1 1 1 1 1 1 1 1 1 1 1 1 1 1 1 1 1 1 1 1 1 1 1 1 1 1 1 1 1 1 1 1 1 1 1 2 2 2 2 2 2 2 2 2 2 2 2 2 2 2 2
4 4 4 4 4 4 4 4 4 4 4 4 4 4 4 4 4 4 4 4 4 4 4 4 4 4 3 3 3 3 3 3 3 3 3 3 3 3 3 3 2 2 2 2 2 2 2 2 2 2 1 1 1 1 1 1 1 1 1 1 1 1 1 1 1 1 2 2 2 2 2 2 2 2 2 2 3 3 3 3 3 3 3 3 3 3 3 3 3 3 3 3 3 4 4 4
7 7 7 7 7 7 7 7 7 7 7 7 7 7 7 7 7 7 7 7 7 7 6 6 6 6 6 6 6 6 6 6 5 5 5 5 5 5 4 4 4 4 4 4 3 3 3 3 2 2 2 2 2 1 1 1 1 1 1 1 1 1 1 1 2 2 2 2 3 3 3 3 3 4 4 4 4 4 5 5 5 5 5 5 6 6 6 6 6 6 6 6 6 6 6 6
11 11 11 11 11 11 11 11 11 11 11 11 11 11 11 11 11 11 11 11 10 10 10 10 10 10 10 10 9 9 9 9 9 8 8 8 8 7 7 7 6 6 6 5 5 5 4 4 4 3 3 2 2 2 2 1 1 1 1 1 1 1 2 2 2 2 3 3 4 4 4 5 5 5 6 6 7 7 7 7 8 8 8 8 9 9 9 9 9 10 10 10 10 10 10 10
16 16 16 16 16 16 16 16 16 16 16 16 16 16 15 15 15 15 15 15 15 15 15 15 15 15 15 14 13 13 13 13 12 12 12 11 11 10 10 9 9 8 8 7 7 6 6 5 5 4 4 3 3 2 2 1 1 1 1 1 1 1 2 2 3 3 4 4 5 5 6 6 7 7 8 9 9 10 10 11 11 11 12 12 12 13 13 13 14 14 14 14 14 15 15 15
22 22 22 22 22 21 21 21 21 21 21 21 21 21 21 21 21 21 20 20 20 20 20 20 20 20 19 18 18 18 17 17 17 16 16 15 14 14 13 13 12 11 10 10 9 8 8 7 6 5 5 4 3 3 2 2 1 1 1 1 1 2 2 3 3 4 5 5 6 7 8 8 9 10 11 12 12 13 14 14 15 15 16 16 17 17 18 18 18 19 19 19 19 20 20 20
28 28 28 28 27 27 27 27 27 27 27 27 27 27 27 26 26 26 26 26 26 26 26 25 25 25 25 24 23 23 22 22 21 20 20 19 18 18 17 16 15 14 13 12 11 10 10 9 8 7 6 5 4 3 2 2 1 1 1 1 1 2 2 3 4 5 6 7 8 9 10 11 12 12 14 15 16 16 17 18 19 19 20 21 21 22 22 23 23 24 24 24 25 25 25 25
34 34 34 34 34 34 33 33 33 33 33 33 33 33 32 32 32 32 32 32 32 31 31 31 31 31 30 29 28 28 27 27 26 25 24 23 22 22 20 19 18 17 16 15 14 13 12 10 9 8 7 6 5 4 3 2 1 1 1 1 2 2 3 4 5 6 7 8 9 10 12 13 14 15 17 18 19 20 21 22 23 24 25 25 26 27 27 28 29 29 29 30 30 31 31 31
40 40 40 40 40 40 40 40 39 39 39 39 39 39 39 38 38 38 38 38 38 37 37 37 37 36 36 34 34 33 32 32 31 30 29 28 27 26 24 23 22 20 19 18 16 15 14 12 11 9 8 7 5 4 3 2 2 1 1 1 2 2 3 4 5 7 8 10 11 12 14 15 17 18 20 21 23 24 25 26 27 28 29 30 31 32 33 33 34 35 35 36 36 36 37 37
47 47 47 47 46 46 46 46 46 46 46 45 45 45 45 45 44 44 44 44 44 43 43 43 43 42 42 40 39 39 38 37 36 35 34 32 31 30 28 27 25 24 22 21 19 17 16 14 12 11 9 8 6 5 4 2 2 1 1 1 2 3 4 5 6 8 9 11 13 14 16 18 19 21 23 25 26 28 29 30 32 33 34 35 36 37 38 39 40 40 41 41 42 42 43 43
54 53 53 53 53 53 53 52 52 52 52 52 51 51 51 51 51 51 50 50 50 50 49 49 49 48 48 46 45 44 43 42 41 40 39 37 36 34 32 31 29 27 25 23 22 20 18 16 14 12 10 9 7 5 4 3 2 1 1 1 2 3 4 5 7 9 10 12 14 16 18 20 22 24 26 28 30 32 33 35 36 38 39 40 42 43 44 45 45 46 47 47 48 48 49 49
60 60 60 60 59 59 59 59 59 58 58 58 58 58 57 57 57 57 56 56 56 56 55 55 55 54 54 52 51 50 49 48 46 45 44 42 40 38 36 35 33 30 28 26 24 22 20 18 16 14 12 10 8 6 4 3 2 1 1 1 2 3 4 6 8 10 12 14 16 18 20 22 24 27 30 32 34 36 37 39 41 43 44 46 47 48 49 50 51 52 53 53 54 54 55 55
67 67 66 66 66 66 65 65 65 65 65 64 64 64 64 63 63 63 63 62 62 62 62 61 61 60 60 58 57 56 55 53 52 50 49 47 45 43 41 38 36 34 32 29 27 24 22 20 17 15 13 10 8 6 5 3 2 1 1 1 2 3 5 6 8 11 13 15 18 20 22 25 27 29 33 35 37 40 42 44 46 48 49 51 52 54 55 56 57 58 59 59 60 60 61 61
73 73 73 73 72 72 72 72 72 71 71 71 70 70 70 70 69 69 69 69 68 68 68 67 67 67 66 64 63 62 60 59 57 56 54 52 50 47 45 42 40 37 35 32 29 27 24 22 19 16 14 11 9 7 5 3 2 1 1 1 2 3 5 7 9 12 14 17 19 22 24 27 30 32 36 39 41 44 46 48 51 53 55 56 58 60 61 62 63 64 65 65 66 67 67 68
80 80 79 79 79 79 78 78 78 78 77 77 77 77 76 76 76 75 75 75 75 74 74 74 73 73 72 70 69 68 66 65 63 61 59 57 55 52 49 47 44 41 38 35 32 29 26 23 21 18 15 12 10 7 5 4 2 1 1 1 2 4 5 7 10 12 15 18 21 24 27 29 32 35 39 42 45 48 51 53 56 58 60 62 64 66 67 68 69 70 71 72 72 73 73 74
89 88 88 88 88 88 87 87 87 86 86 86 86 85 85 85 84 84 84 83 83 83 82 82 81 81 81 76 75 74 72 71 69 67 65 62 60 57 54 51 47 44 41 38 35 32 28 25 22 19 16 13 10 8 6 4 2 1 1 1 2 4 6 8 11 14 17 20 23 26 30 33 36 40 44 48 51 54 57 60 63 65 68 70 72 74 75 77 78 79 81 81 82 82 83 83
95 95 94 94 94 94 93 93 93 92 92 92 91 91 91 91 90 90 90 89 89 88 88 88 87 87 86 82 81 80 79 77 75 73 70 68 65 61 58 55 51 48 44 41 37 34 30 27 24 20 17 14 11 8 6 4 2 1 1 1 2 4 6 9 12 15 18 21 25 28 32 35 39 42 48 51 55 58 61 65 68 71 73 76 78 80 81 82 84 85 87 87 88 88 88 89
101 101 100 100 100 99 99 99 99 98 98 98 97 97 97 96 96 96 95 95 94 94 94 93 93 93 92 88 87 86 85 83 81 79 76 73 70 66 63 59 55 51 47 44 40 36 33 29 25 22 18 15 12 9 6 4 2 1 1 1 3 4 7 9 12 16 19 23 26 30 34 37 41 45 51 55 58 62 66 69 73 76 79 81 84 86 87 89 90 91 92 93 93 94 94 95
107 106 106 106 106 105 105 105 104 104 104 103 103 102 102 102 102 101 101 101 100 100 99 99 99 98 98 95 94 93 91 90 87 85 82 79 75 71 67 63 59 55 51 47 42 38 35 31 27 23 19 16 13 9 7 4 3 1 1 1 3 4 7 10 13 16 20 24 28 32 36 40 44 48 54 58 62 66 70 74 78 81 84 87 90 92 93 94 96 96 98 99 99 99 100 100
112 112 112 111 111 111 110 110 110 109 109 109 108 108 107 107 107 107 106 106 105 105 105 104 104 104 103 101 100 99 97 96 94 91 88 84 80 76 72 67 63 58 54 49 45 41 36 32 28 24 20 17 13 10 7 4 3 1 1 1 3 5 7 10 14 17 21 25 29 33 37 42 46 51 57 61 66 70 74 79 83 87 90 93 95 97 99 100 101 102 104 104 104 105 105 105
117 117 117 116 116 116 115 115 115 114 114 114 113 113 112 112 112 111 111 111 110 110 110 109 109 109 108 106 105 104 103 102 99 97 94 90 86 81 76 71 66 61 57 52 47 43 38 34 30 26 22 18 14 10 7 5 3 1 1 2 3 5 7 11 14 18 22 26 30 35 39 44 48 53 60 65 69 74 79 83 88 92 95 99 101 103 105 106 107 107 108 109 109 110 110 110
122 122 121 121 121 120 120 120 119 119 118 118 118 117 117 117 116 116 115 115 115 114 114 114 113 113 113 111 110 110 108 107 105 102 99 95 90 86 80 75 70 65 60 55 50 45 40 36 31 27 22 18 14 11 8 5 3 2 1 2 3 5 8 11 15 19 23 27 32 36 41 46 51 56 63 68 73 78 83 88 92 97 101 104 106 108 110 111 111 112 113 113 114 114 114 115
126 126 125 125 125 124 124 123 123 123 122 122 121 121 121 120 120 120 119 119 118 118 118 117 117 117 116 115 115 114 113 112 110 107 104 100 95 90 84 79 73 68 62 57 52 47 42 37 32 28 23 19 15 11 8 5 3 2 1 2 3 5 8 11 15 19 24 28 33 38 43 48 53 58 65 71 76 81 87 92 97 101 105 108 111 113 114 115 115 116 117 117 117 118 118 118
129 129 128 128 128 127 127 127 126 126 125 125 124 124 124 123 123 123 122 122 121 121 121 120 120 120 119 118 118 117 117 115 114 111 108 104 99 94 88 82 76 70 65 59 54 49 44 39 34 29 24 20 16 12 8 5 3 2 1 2 3 5 8 12 16 20 25 29 34 39 44 49 55 60 68 73 79 84 90 95 101 105 109 112 115 116 117 118 119 119 120 120 120 121 121 121
132 131 131 130 130 130 129 129 128 128 128 127 127 126 126 126 125 125 124 124 124 123 123 122 122 122 121 121 120 120 119 118 117 114 111 107 102 97 91 85 79 73 67 61 56 50 45 40 35 30 25 20 16 12 8 5 3 2 1 2 3 5 9 12 16 21 25 30 35 40 46 51 57 62 70 76 81 87 93 99 104 108 112 115 117 119 120 120 121 121 122 122 122 123 123 124
133 133 133 132 132 131 131 131 130 130 129 129 128 128 128 127 127 126 126 126 125 125 124 124 124 123 123 122 122 122 121 121 120 117 114 110 105 99 94 87 81 75 69 63 57 52 46 41 36 31 26 21 17 12 9 5 3 2 1 2 3 6 9 13 17 21 26 31 36 42 47 53 58 64 72 78 84 90 95 101 106 111 115 117 121 121 122 122 122 123 123 124 124 124 125 125
134 133 133 133 132 132 131 131 131 130 130 129 129 128 128 128 127 127 126 126 126 125 125 124 124 124 123 123 122 122 122 121 121 118 115 112 107 102 96 90 83 77 71 65 59 53 48 42 37 32 27 22 17 13 9 6 3 2 1 2 3 6 9 13 17 22 27 32 37 43 48 54 60 66 74 80 86 92 97 103 108 113 116 119 121 122 122 122 123 123 124 124 124 125 125 126
134 134 133 133 133 132 132 131 131 131 130 130 129 129 128 128 128 127 127 126 126 126 125 125 124 124 124 123 123 122 122 122 121 119 117 113 108 103 97 91 85 79 72 66 60 55 49 43 38 32 27 22 17 13 9 6 3 2 1 2 3 6 9 13 18 22 28 33 38 44 49 55 61 67 75 81 87 93 99 105 110 114 117 120 122 122 122 123 123 124 124 124 125 125 126 126
135 134 134 133 133 133 132 132 131 131 131 130 130 129 129 128 128 128 127 127 126 126 126 125 125 124 124 124 123 123 122 122 122 120 117 114 110 104 99 93 86 80 74 68 62 56 50 44 39 33 28 23 18 13 9 6 3 2 1 2 3 6 9 13 18 23 28 33 39 45 50 56 62 68 77 82 89 94 100 106 111 115 118 120 122 122 123 123 124 124 124 125 125 126 126 126
135 135 134 134 133 133 133 132 132 131 131 131 130 130 129 129 128 128 128 127 127 126 126 126 125 125 124 124 124 123 123 122 122 120 118 115 110 105 100 94 87 81 75 69 63 57 51 45 39 34 28 23 18 13 9 6 3 2 1 2 3 6 9 14 18 23 29 34 40 45 51 57 63 69 78 84 90 96 101 107 111 115 119 121 122 123 123 124 124 124 125 125 126 126 126 127
135 135 135 134 134 133 133 133 132 132 131 131 131 130 130 129 129 128 128 128 127 127 126 126 126 125 125 124 124 124 123 123 122 121 118 115 111 106 101 95 88 82 76 70 64 58 52 46 40 34 29 24 18 14 10 6 3 2 1 2 3 6 10 14 19 24 29 35 40 46 52 58 64 70 79 85 91 96 102 107 112 116 119 121 123 123 124 124 124 125 125 126 126 126 127 127
136 135 135 135 134 134 133 133 133 132 132 131 131 131 130 130 129 129 128 128 128 127 127 126 126 126 125 125 124 124 124 123 123 121 119 116 113 108 103 98 92 86 81 72 66 60 54 48 42 36 30 25 19 15 10 6 3 2 1 2 4 6 10 15 20 25 31 36 42 48 54 60 66 73 81 87 93 98 104 109 113 117 120 122 123 124 124 124 125 125 126 126 126 127 127 128
136 136 135 135 135 134 134 133 133 133 132 132 131 131 131 130 130 129 129 128 128 128 127 127 126 126 126 125 125 124 124 124 123 122 120 117 113 109 104 98 93 87 81 73 67 60 54 48 42 36 31 25 20 15 10 6 4 2 1 2 4 6 10 15 20 25 31 37 43 49 55 61 67 73 81 87 93 99 104 109 113 117 120 122 124 124 124 125 125 126 126 126 127 127 128 128
137 136 136 135 135 135 134 134 133 133 133 132 132 131 131 131 130 130 129 129 128 128 128 127 127 126 126 126 125 125 124 124 124 122 120 117 113 109 104 99 93 87 81 73 67 61 55 49 43 37 31 25 20 15 10 6 4 2 1 2 4 6 10 15 20 25 31 37 43 49 55 61 67 73 82 88 93 99 104 109 114 117 120 122 124 124 125 125 126 126 126 127 127 128 128 128
137 137 136 136 135 135 135 134 134 133 133 133 132 132 131 131 131 130 130 129 129 128 128 128 127 127 126 126 126 125 125 124 124 122 120 117 114 109 104 99 93 88 82 74 67 61 55 49 43 37 31 25 20 15 10 6 4 2 1 2 4 6 10 15 20 26 31 37 43 49 55 62 68 74 82 88 94 99 105 110 114 118 121 123 124 125 125 126 126 126 127 127 128 128 128 129
137 137 137 136 136 135 135 135 134 134 133 133 133 132 132 131 131 131 130 130 129 129 128 128 128 127 127 126 126 126 125 125 124 123 121 118 114 110 105 99 94 88 82 74 68 62 55 49 43 37 31 26 20 15 10 6 4 2 1 2 4 7 10 15 20 26 31 37 43 50 56 62 68 74 83 88 94 100 105 110 114 118 121 123 125 125 126 126 126 127 127 128 128 128 129 129
138 137 137 137 136 136 135 135 135 134 134 133 133 133 132 132 131 131 131 130 130 129 129 128 128 128 127 127 126 126 126 125 125 123 121 118 114 110 105 100 94 88 83 74 68 62 56 50 43 37 31 26 20 15 10 7 4 2 1 2 4 7 10 15 20 26 32 38 44 50 56 62 68 75 83 89 94 100 105 110 115 118 121 124 125 126 126 126 127 127 128 128 128 129 129 130
138 138 137 137 137 136 136 135 135 135 134 134 133 133 133 132 132 131 131 131 130 130 129 129 128 128 128 127 127 126 126 126 125 124 121 118 115 110 105 100 94 89 83 75 68 62 56 50 44 38 32 26 20 15 10 7 4 2 1 2 4 7 11 15 20 26 32 38 44 50 56 62 69 75 83 89 95 100 106 111 115 119 122 124 126 126 126 127 127 128 128 128 129 129 130 130
139 138 138 137 137 137 136 136 135 135 135 134 134 133 133 133 132 132 131 131 131 130 130 129 129 128 128 128 127 127 126 126 126 124 122 119 115 111 106 101 95 89 83 75 69 62 56 50 44 38 32 26 20 15 11 7 4 2 1 2 4 7 11 15 20 26 32 38 44 50 56 63 69 75 84 90 95 101 106 111 116 119 122 124 126 126 127 127 128 128 128 129 129 130 130 131
139 139 138 138 137 137 137 136 136 135 135 135 134 134 133 133 133 132 132 131 131 131 130 130 129 129 128 128 128 127 127 126 126 124 122 119 115 111 106 101 95 90 84 75 69 63 56 50 44 38 32 26 20 15 11 7 4 2 1 2 4 7 11 15 21 26 32 38 44 51 57 63 69 75 84 90 96 101 107 111 116 120 123 125 126 127 127 128 128 128 129 129 130 130 131 131
140 139 139 138 138 137 137 137 136 136 135 135 135 134 134 133 133 133 132 132 131 131 131 130 130 129 129 128 128 128 127 127 126 125 123 120 116 111 107 101 96 90 84 75 69 63 57 51 44 38 32 26 21 15 11 7 4 2 1 2 4 7 11 15 21 26 32 38 44 51 57 63 70 76 84 90 96 102 107 112 116 120 123 125 127 127 128 128 128 129 129 130 130 131 131 131
140 140 139 139 138 138 137 137 137 136 136 135 135 135 134 134 133 133 133 132 132 131 131 131 130 130 129 129 128 128 128 127 127 125 123 120 116 112 107 102 96 90 84 76 69 63 57 51 44 38 32 26 21 15 11 7 4 2 1 2 4 7 11 15 21 26 32 38 45 51 57 63 70 76 85 91 96 102 107 112 117 120 123 126 127 128 128 128 129 129 130 130 131 131 131 132
