colorblind_friendly/ch7/frac201.asc
ncols 500
nrows 500
xllcorner 0
yllcorner 0
cellsize 1.000000
NODATA_value -9999
[rows 430 to 472 of 500, columns 190 to 284 of 500]
181 171 161 147 140 123 110 108 100 96 95 98 101 106 114 113 123 132 139 139 140 148 157 158 159 162 159 165 170 171 168 172 186 187 182 190 202 207 205 213 221 223 216 213 216 211 211 210 210 203 203 213 215 222 232 239 244 245 250 255 273 292 303 313 306 298 293 288 280 278 277 273 270 272 278 270 257 243 229 211 197 191 185 172 174 180 179 160 148 156 164 162 157 154 158
193 174 169 163 154 133 115 116 115 117 118 115 122 130 136 134 140 151 156 154 161 167 177 179 178 182 178 175 183 188 184 183 197 196 198 200 207 209 212 216 221 231 223 211 217 228 229 217 212 210 209 217 226 239 244 249 251 250 257 269 290 310 314 316 311 300 291 282 273 276 281 278 283 286 290 282 266 248 235 220 210 194 187 180 179 179 178 169 159 163 168 166 160 150 150
205 187 175 171 168 150 133 133 141 142 139 137 148 157 153 152 155 166 173 171 179 179 184 187 188 195 195 192 196 199 207 202 205 213 217 224 222 224 230 231 230 232 231 224 221 229 233 227 225 226 224 233 246 256 258 257 263 266 271 283 307 328 333 330 321 308 296 293 288 284 291 295 295 298 290 282 271 260 249 235 222 204 191 180 176 179 174 169 165 169 168 162 156 150 146
204 197 179 177 181 169 150 151 159 164 157 162 166 168 165 163 174 172 179 186 194 198 192 194 195 204 208 208 209 214 217 221 225 230 242 254 255 250 252 254 249 246 245 237 234 238 239 237 243 246 244 242 254 261 269 274 277 287 292 300 325 342 350 345 329 317 314 312 307 305 309 311 313 307 297 293 282 272 264 245 232 215 198 190 186 182 171 164 166 161 158 155 155 151 147
208 198 193 193 190 182 173 171 174 178 180 179 182 174 175 176 183 181 186 197 203 207 203 203 205 214 221 222 225 222 227 235 237 243 262 276 277 271 274 269 258 250 247 243 242 249 243 243 251 252 259 259 257 269 276 286 299 311 317 324 343 359 361 359 342 333 329 329 327 329 332 331 330 325 314 305 300 291 279 262 242 223 203 199 194 180 170 163 156 146 147 151 150 142 135
223 219 222 212 207 202 198 197 195 193 197 195 195 187 184 185 194 190 195 207 214 217 216 218 223 224 225 230 235 237 240 248 258 271 288 299 301 295 288 282 266 251 244 244 251 250 247 252 253 258 267 274 275 278 284 295 312 326 339 354 367 383 383 376 360 356 358 350 344 348 357 353 346 339 334 326 324 308 289 273 252 235 211 206 200 184 175 156 145 141 143 144 142 137 129
231 236 241 234 229 221 217 212 209 205 203 201 204 203 198 195 194 196 203 210 214 222 223 229 226 225 230 235 247 247 250 263 276 299 310 312 315 314 308 296 277 263 249 248 254 256 258 264 269 272 277 278 280 288 300 312 327 341 350 367 384 401 404 397 382 379 378 375 372 374 385 380 367 360 358 348 338 320 299 280 262 241 224 216 201 192 181 163 157 149 142 133 133 133 126
241 241 247 252 245 233 224 222 220 213 210 207 212 213 209 211 206 199 208 214 219 225 231 230 229 232 237 241 246 254 263 275 291 312 320 323 318 320 319 312 293 275 265 263 268 264 270 283 284 292 296 298 301 307 316 327 337 344 356 371 395 413 416 408 395 397 398 398 397 398 402 397 384 379 373 361 341 322 314 297 281 260 242 232 217 195 184 171 166 154 140 129 128 122 118
253 251 251 260 259 247 237 234 230 222 222 221 219 219 221 223 218 205 209 216 220 227 235 234 238 246 242 242 249 262 273 281 296 315 319 323 323 327 333 329 311 295 287 284 281 279 286 296 298 308 311 319 331 335 331 342 346 352 362 382 404 418 421 413 401 402 408 413 411 408 407 406 403 394 389 377 348 329 324 311 300 281 257 243 224 203 192 180 170 157 136 129 124 116 111
262 262 261 266 274 260 249 247 244 245 241 231 227 223 221 222 218 218 213 215 223 229 240 248 245 248 240 242 256 264 279 289 303 323 328 325 330 334 333 333 322 312 306 306 304 299 302 305 305 312 319 337 351 354 352 352 356 366 369 381 404 422 428 425 412 408 418 421 432 430 428 425 420 414 402 388 363 349 339 322 306 286 265 249 230 215 200 193 177 152 137 124 112 111 107
267 273 278 276 277 268 264 265 262 260 248 244 232 226 224 222 218 220 219 215 219 224 233 245 244 237 234 249 262 267 283 296 308 328 329 327 333 336 337 337 328 317 321 322 319 314 316 317 319 324 330 353 369 371 375 373 371 374 380 387 407 432 438 434 434 428 432 438 447 449 450 451 442 438 428 407 381 363 353 338 319 297 277 264 243 229 217 204 188 159 144 126 115 108 107
282 284 287 287 283 275 277 276 276 270 256 249 240 233 235 229 218 214 215 215 215 219 224 227 232 233 240 254 269 276 293 307 317 321 323 327 333 340 343 341 337 331 334 336 335 327 324 325 332 341 353 369 378 387 397 393 389 392 401 410 418 436 441 446 451 454 457 461 468 476 474 474 462 456 448 421 401 378 359 346 334 315 297 279 258 245 231 219 195 170 151 132 120 117 114
299 299 297 293 293 287 282 282 277 274 266 253 244 238 238 243 230 217 217 214 214 216 217 219 226 228 239 260 283 294 300 314 321 325 329 338 338 339 339 340 338 331 338 347 347 344 340 348 357 367 375 383 394 406 413 405 405 408 416 423 437 445 453 461 469 474 481 485 484 494 496 489 479 464 453 439 416 390 365 350 337 324 306 288 269 256 244 227 205 181 159 137 132 123 113
313 309 302 305 301 296 293 291 284 274 267 255 245 240 242 246 231 216 217 218 217 211 209 214 221 232 243 263 286 297 309 317 323 324 332 337 336 337 340 342 346 354 357 360 358 362 362 370 380 390 398 409 413 412 414 413 419 428 433 436 447 459 470 476 482 492 502 504 504 500 510 500 476 462 452 446 425 403 379 355 341 334 315 290 282 262 241 228 206 186 165 146 129 123 106
328 318 310 308 301 291 291 287 284 277 267 253 247 251 252 245 231 220 217 212 211 210 206 207 224 241 248 264 283 301 308 319 326 327 331 333 341 344 341 351 359 368 371 371 370 379 385 394 400 409 420 430 434 427 424 424 438 447 447 447 460 476 486 489 497 511 518 511 520 517 511 501 478 466 458 454 438 411 384 365 346 341 318 296 284 265 244 229 210 187 170 150 130 116 104
348 332 325 318 314 304 295 286 278 276 265 249 254 257 248 236 227 219 217 208 202 203 200 206 223 239 245 266 285 298 313 335 336 341 344 340 351 355 353 360 366 375 376 377 383 389 398 405 411 419 436 440 446 439 432 436 448 459 459 471 484 497 504 515 521 522 526 525 532 532 518 509 490 471 460 453 444 420 395 371 351 339 322 305 288 267 247 234 219 199 183 162 137 119 106
360 343 336 327 316 306 298 282 273 270 261 252 254 253 240 228 221 208 206 202 195 201 202 210 225 243 248 267 286 299 313 334 348 351 355 353 357 361 368 367 371 379 379 381 387 396 404 415 419 431 450 453 449 447 449 453 459 461 465 484 499 516 523 528 539 542 539 536 539 533 520 511 494 474 460 450 439 422 402 377 351 336 325 307 291 276 252 233 221 206 194 174 147 125 108
360 350 343 337 323 313 302 286 275 273 270 265 254 247 234 229 217 204 201 198 192 193 194 206 223 233 242 258 278 297 313 330 344 352 356 360 367 371 368 365 373 378 384 389 404 411 420 422 431 443 446 454 460 466 467 467 475 471 477 496 512 528 535 544 546 550 552 548 552 541 520 507 495 475 463 449 439 432 408 380 357 340 319 303 288 278 262 243 227 215 197 171 150 133 112
366 355 351 341 331 316 303 287 272 272 271 268 253 239 230 228 215 204 199 195 188 184 190 207 218 231 242 260 281 293 311 327 335 347 353 363 366 371 374 376 384 386 394 408 421 430 434 430 441 451 456 465 473 479 476 473 486 487 498 514 527 538 544 549 550 552 555 553 552 545 519 503 491 476 460 446 438 434 409 387 367 351 325 304 292 276 260 247 231 218 198 169 151 134 117
373 363 358 343 324 312 303 290 269 264 264 265 247 239 231 230 216 206 211 202 196 186 191 211 224 235 250 267 282 291 301 314 327 337 352 360 369 382 386 387 397 392 400 420 435 441 448 447 452 455 463 473 482 486 483 481 490 498 509 523 532 541 547 556 557 558 554 551 543 526 509 498 484 469 454 443 436 430 414 394 369 353 333 311 297 279 262 250 233 222 207 181 156 134 115
371 364 358 345 326 312 300 288 274 271 264 256 245 235 229 227 218 210 212 212 209 205 201 216 226 233 249 271 282 293 300 309 322 333 347 361 375 388 400 405 408 404 410 431 446 450 453 454 452 461 473 476 481 493 488 481 489 502 510 520 531 540 556 567 566 566 559 553 538 523 511 495 476 462 453 450 443 435 416 392 366 346 338 321 302 279 259 252 243 228 204 181 158 133 119
380 367 361 349 328 306 293 284 274 266 256 242 234 226 224 228 228 226 223 224 222 218 216 222 233 239 248 268 283 294 305 317 331 341 353 368 375 392 408 415 417 422 426 441 451 452 453 451 455 468 480 481 486 495 497 483 489 507 514 521 535 542 557 566 572 574 567 553 533 521 507 491 476 458 450 445 438 424 406 391 372 354 349 333 315 285 266 261 251 232 204 183 169 145 130
387 374 359 346 326 311 296 281 270 258 246 237 229 224 220 223 226 230 232 232 232 233 235 236 239 243 257 272 289 302 315 329 338 350 365 377 384 405 418 431 438 439 437 442 450 454 450 450 455 472 486 486 492 494 498 496 500 509 521 529 540 552 561 567 578 584 580 562 539 518 503 489 478 469 454 440 424 408 394 386 379 364 358 343 323 295 274 265 253 234 216 195 172 152 139
387 376 359 344 328 307 291 277 269 258 249 240 232 227 229 225 227 234 239 248 250 248 248 251 251 249 262 276 292 307 319 337 346 357 372 395 412 420 429 440 447 445 441 444 450 460 454 452 461 485 499 496 503 506 512 512 520 525 530 537 547 565 570 572 570 573 577 561 543 521 508 492 484 477 453 432 416 401 393 387 379 369 358 349 337 312 286 267 253 238 223 204 177 156 147
380 366 347 332 315 294 278 273 271 268 268 258 243 240 248 243 238 246 253 260 261 256 260 266 261 261 273 279 295 314 333 353 361 367 384 404 417 432 437 452 458 457 452 451 456 460 463 466 476 495 508 512 516 519 525 525 529 536 544 545 556 571 577 577 569 566 562 549 534 520 511 496 492 479 454 426 413 400 385 380 375 366 354 351 342 322 300 284 268 245 227 209 191 181 165
367 354 342 323 300 281 263 261 266 272 274 271 256 249 255 258 254 255 265 272 267 264 271 275 271 273 282 296 307 323 345 358 369 377 395 411 428 446 455 463 469 474 472 464 457 462 469 478 491 503 512 520 531 539 538 537 542 547 557 563 566 572 574 577 569 561 552 538 521 517 512 503 490 473 454 438 421 396 379 374 371 362 353 352 344 329 312 293 274 252 233 216 207 200 182
364 350 337 320 293 266 251 250 256 264 266 272 264 259 263 265 269 271 273 280 282 278 279 275 277 281 290 304 325 342 360 375 378 391 405 420 435 454 468 479 481 479 480 473 471 474 478 484 496 504 513 527 546 558 553 550 556 561 572 578 581 586 587 580 570 561 546 531 517 512 510 496 489 477 459 439 415 392 379 367 372 367 356 355 343 335 322 295 272 255 238 226 210 201 192
363 350 332 313 291 266 253 254 257 267 275 278 275 276 278 275 280 283 283 289 297 288 282 279 281 284 297 310 333 349 362 375 387 398 412 426 443 461 480 493 489 496 494 490 486 490 489 490 500 510 525 539 557 572 570 564 569 573 578 582 587 593 590 577 564 555 543 530 520 512 506 496 487 478 465 441 418 398 386 368 365 365 355 351 346 333 319 297 276 257 241 230 215 199 189
360 352 342 319 297 279 272 272 274 285 297 296 294 295 290 287 287 289 293 298 302 293 284 289 289 297 311 319 336 351 365 372 389 400 417 435 453 466 489 495 494 505 505 498 495 500 499 500 507 521 534 553 569 585 586 573 579 586 581 590 592 593 590 582 568 559 549 538 528 520 516 507 500 483 467 447 422 396 386 371 363 363 360 357 344 331 318 302 281 257 240 226 210 196 189
353 347 337 322 306 294 282 283 289 301 314 317 311 302 294 292 292 296 298 295 297 296 296 303 304 311 322 332 348 359 370 378 388 401 420 439 454 474 494 499 502 504 503 502 503 508 506 512 522 530 541 561 575 585 587 578 578 588 586 591 589 584 584 578 572 567 555 542 536 530 528 513 509 493 471 451 421 392 377 372 367 367 363 356 339 328 317 302 282 260 234 212 204 201 194
344 334 328 324 311 302 292 289 292 308 321 323 310 308 301 300 304 305 308 302 308 308 306 315 325 330 338 349 361 368 378 388 393 414 432 440 461 482 497 504 501 507 511 509 513 515 518 521 532 543 558 574 583 589 589 584 584 590 589 591 582 573 572 573 568 563 555 546 539 535 536 524 508 495 477 452 422 398 382 374 372 370 363 358 348 329 315 298 277 255 231 210 194 191 187
340 331 327 323 314 310 301 303 313 315 329 334 325 326 322 320 324 323 320 314 324 330 333 335 338 341 347 359 368 376 393 400 403 418 431 445 465 481 497 506 507 505 510 515 517 525 527 530 537 551 565 583 596 594 590 586 582 584 588 584 573 565 563 565 562 550 545 540 538 539 536 528 517 504 486 463 437 412 395 381 371 367 362 353 349 333 316 301 278 253 230 207 195 191 187
347 334 333 333 332 326 324 325 329 330 339 351 350 348 351 347 345 343 343 340 340 345 347 342 347 355 358 367 379 391 407 411 418 428 437 453 464 479 498 509 511 511 510 510 515 525 536 540 549 556 570 585 598 593 591 586 574 575 585 580 564 561 552 550 548 539 536 535 543 542 536 536 528 515 490 470 445 423 407 386 372 366 364 360 349 332 310 294 274 249 228 211 197 199 194
368 359 357 362 358 352 353 354 348 354 367 378 376 373 372 369 368 369 360 356 359 360 363 361 355 359 368 373 383 397 410 412 420 432 444 456 467 486 504 515 518 513 511 509 517 528 539 550 559 566 579 583 585 590 592 588 573 570 575 572 563 556 545 538 539 534 529 535 544 545 550 545 532 515 486 470 453 432 419 403 386 381 377 370 352 332 313 292 269 246 230 214 200 197 192
391 385 384 383 380 375 377 377 373 380 387 401 400 397 397 391 386 382 378 374 374 377 383 379 370 361 370 379 394 401 409 415 419 432 446 458 475 490 514 524 518 511 508 509 517 529 540 546 557 569 580 585 581 585 590 587 579 569 557 557 553 550 540 531 526 529 533 536 542 541 545 541 525 501 484 468 452 438 431 419 408 401 388 376 360 339 322 294 270 246 227 217 203 196 185
406 399 401 397 394 393 389 391 400 405 413 425 425 418 414 406 401 394 393 390 389 393 395 396 390 377 375 383 399 404 410 415 424 434 444 460 475 492 513 516 506 498 501 505 515 524 534 541 548 562 579 584 586 588 585 583 575 570 559 559 554 551 537 523 521 526 533 536 534 530 529 525 512 491 473 461 449 444 434 425 426 422 410 394 378 353 331 296 274 249 224 211 206 190 184
411 410 413 410 401 401 405 408 413 419 427 439 440 432 425 415 409 410 408 407 406 402 401 403 403 395 390 391 403 409 414 420 424 431 443 461 476 487 499 504 499 496 492 496 507 515 522 532 543 564 577 583 591 590 587 583 572 567 563 557 555 550 541 524 519 519 525 530 520 512 513 507 495 476 459 449 443 440 433 433 437 431 416 402 388 362 337 310 282 253 226 208 197 186 181
411 409 417 419 416 420 423 415 414 421 430 435 437 434 426 425 420 416 421 419 413 405 406 406 404 399 394 397 404 408 413 421 425 433 443 454 467 476 490 495 490 486 486 488 499 504 517 530 545 565 574 584 588 595 594 586 575 571 567 557 555 551 542 523 512 508 508 513 512 504 502 498 489 465 451 442 436 431 422 430 435 431 420 411 397 371 346 318 285 253 233 213 201 189 178
407 408 423 426 423 429 425 412 414 425 432 432 434 432 427 429 430 432 433 425 413 402 406 404 397 395 395 401 405 402 409 423 436 443 444 454 464 472 483 489 488 491 489 493 494 494 511 533 547 563 576 582 588 592 588 579 573 564 559 556 556 549 536 521 505 494 492 497 499 503 495 488 474 452 440 433 430 426 414 420 426 421 414 405 391 369 347 318 285 263 244 226 214 198 181
403 413 423 432 432 427 411 403 409 422 428 432 433 437 432 430 435 438 439 426 415 407 407 401 394 392 394 402 402 403 412 426 438 439 441 456 462 476 484 490 491 497 503 500 496 500 513 532 546 562 578 586 588 585 584 577 574 560 561 557 552 547 539 518 496 483 483 486 493 497 488 475 464 448 439 432 428 418 403 407 410 407 404 397 381 363 346 321 288 264 241 226 211 200 188
402 407 425 440 438 422 407 403 410 417 425 432 433 437 439 435 436 432 430 426 421 411 407 403 394 399 405 402 404 408 420 425 432 432 444 463 476 487 494 504 509 513 511 509 503 508 517 525 537 554 571 582 590 590 590 581 572 565 566 561 551 542 533 519 502 484 476 476 480 483 476 461 450 446 436 429 419 405 394 388 387 388 392 388 377 364 339 314 292 275 254 236 219 205 196
411 413 426 436 438 427 417 412 416 423 428 431 436 439 440 438 429 420 423 428 422 418 413 407 395 398 410 411 405 412 425 434 438 439 450 466 483 497 505 511 515 517 516 511 510 518 517 521 528 543 562 582 590 597 594 584 581 568 563 553 547 534 522 515 505 484 470 466 467 470 460 445 444 441 425 416 405 392 385 376 371 373 369 370 366 354 331 311 289 278 263 248 228 214 197
413 421 424 425 428 419 415 412 414 418 423 432 435 435 439 436 422 414 419 426 419 420 418 416 397 393 408 417 418 421 434 444 446 446 455 473 485 494 502 505 511 514 510 510 516 523 525 522 520 533 553 572 584 589 587 580 578 569 558 543 528 520 513 506 502 485 469 462 460 456 448 444 445 439 428 411 396 384 383 373 356 357 353 356 351 344 321 299 289 276 261 250 229 217 195
