colorblind_friendly/ch7/frac201.asc
ncols 500
nrows 500
xllcorner 0
yllcorner 0
cellsize 1.000000
NODATA_value -9999
[rows 258 to 300 of 500, columns 190 to 284 of 500]
-68 -78 -100 -108 -114 -112 -105 -106 -99 -82 -80 -84 -74 -70 -64 -64 -70 -65 -64 -80 -96 -106 -108 -105 -116 -128 -131 -132 -129 -127 -124 -128 -132 -132 -122 -113 -102 -87 -87 -98 -98 -89 -89 -89 -93 -97 -100 -96 -91 -91 -86 -76 -78 -80 -84 -89 -90 -92 -86 -80 -74 -64 -59 -55 -49 -41 -29 -17 -4 3 8 16 33 49 52 57 58 48 41 33 25 18 9 4 5 -0 -5 -8 -7 0 10 19 30 32 32
-67 -79 -98 -107 -112 -112 -110 -105 -96 -86 -87 -98 -91 -89 -80 -72 -73 -73 -74 -80 -87 -101 -104 -100 -109 -119 -123 -124 -127 -130 -135 -140 -143 -139 -133 -112 -89 -83 -88 -92 -87 -78 -83 -84 -81 -85 -81 -83 -76 -65 -62 -57 -58 -55 -63 -67 -69 -71 -70 -67 -67 -60 -52 -41 -33 -28 -26 -13 -2 5 16 29 44 54 47 45 50 42 34 25 21 18 6 1 1 -1 -1 -5 -17 -14 2 12 22 32 42
-71 -85 -96 -111 -114 -109 -105 -98 -97 -92 -93 -95 -101 -100 -89 -78 -77 -77 -85 -87 -84 -90 -95 -99 -103 -108 -109 -112 -118 -126 -138 -145 -147 -144 -131 -111 -89 -83 -83 -82 -80 -72 -72 -70 -63 -61 -62 -61 -47 -36 -35 -39 -48 -46 -49 -56 -52 -51 -53 -53 -57 -50 -35 -28 -16 -16 -14 -2 10 20 28 36 46 56 52 48 38 31 21 18 19 12 -0 -3 0 2 -4 -9 -14 -12 -2 7 19 33 61
-83 -92 -104 -113 -113 -112 -103 -103 -103 -106 -110 -102 -106 -102 -92 -87 -85 -90 -94 -94 -84 -83 -88 -89 -95 -98 -106 -105 -107 -119 -131 -146 -150 -139 -127 -109 -97 -87 -85 -77 -72 -63 -59 -57 -49 -45 -43 -38 -24 -17 -13 -17 -21 -22 -27 -33 -33 -34 -29 -28 -31 -27 -15 -12 1 -3 3 15 28 43 40 46 51 59 57 54 37 26 16 16 17 12 2 -8 -3 -1 -4 -5 -7 -5 0 6 23 46 72
-93 -107 -119 -119 -113 -111 -108 -110 -108 -114 -112 -111 -115 -110 -104 -99 -94 -95 -96 -96 -89 -87 -87 -86 -84 -89 -97 -96 -106 -114 -129 -143 -144 -139 -122 -111 -101 -92 -82 -79 -70 -58 -46 -41 -38 -25 -22 -16 -8 2 10 8 4 2 -4 -8 -12 -11 -10 -11 -12 -6 1 5 13 20 28 37 44 50 54 57 58 67 65 57 34 25 20 24 28 19 9 1 -0 3 5 3 -1 -1 7 16 37 55 81
-105 -122 -126 -129 -126 -122 -119 -116 -117 -121 -126 -127 -126 -120 -115 -107 -104 -104 -105 -104 -100 -95 -90 -86 -81 -84 -90 -91 -97 -109 -125 -140 -144 -137 -125 -109 -91 -78 -72 -76 -68 -55 -45 -36 -19 -1 3 2 8 23 24 27 21 17 14 13 12 4 4 6 3 8 11 24 34 44 48 53 50 54 60 72 76 78 73 62 42 37 36 38 41 33 20 14 16 15 11 11 7 12 24 35 54 80 99
-112 -124 -131 -133 -134 -133 -131 -129 -134 -132 -134 -140 -133 -127 -123 -117 -117 -117 -115 -109 -105 -107 -101 -91 -88 -90 -88 -90 -95 -105 -119 -138 -149 -137 -120 -102 -81 -73 -74 -72 -63 -54 -46 -33 -15 -1 11 10 22 33 34 33 28 31 35 34 32 28 25 21 20 19 24 37 50 56 55 62 62 70 78 89 97 87 80 67 54 48 50 50 47 44 35 37 38 35 29 24 24 33 51 63 81 103 124
-107 -124 -137 -150 -148 -140 -137 -139 -147 -149 -148 -145 -139 -134 -132 -136 -133 -127 -122 -115 -107 -107 -101 -96 -91 -89 -83 -85 -92 -101 -117 -141 -147 -133 -113 -96 -76 -70 -76 -77 -63 -54 -40 -30 -19 -8 6 17 27 37 41 42 42 50 56 58 59 55 50 44 39 32 37 50 63 63 64 63 68 82 92 99 108 97 88 83 70 68 68 58 54 60 53 53 58 53 56 58 53 63 81 93 111 132 154
-104 -123 -141 -150 -149 -150 -152 -154 -155 -160 -162 -160 -152 -151 -145 -139 -140 -130 -126 -113 -106 -100 -86 -85 -82 -84 -79 -74 -83 -98 -121 -137 -137 -126 -114 -98 -82 -75 -78 -74 -60 -49 -32 -21 -12 -10 6 21 36 47 53 65 66 73 82 79 83 82 77 68 60 60 59 67 74 76 77 83 95 101 109 111 116 108 104 103 93 93 86 73 71 72 64 69 78 81 84 86 90 101 118 130 146 164 185
-109 -126 -138 -144 -149 -153 -155 -167 -171 -174 -169 -166 -159 -150 -145 -142 -140 -138 -124 -113 -106 -97 -83 -76 -76 -77 -69 -63 -72 -89 -108 -121 -125 -118 -105 -91 -81 -76 -73 -61 -50 -38 -27 -17 -6 10 23 31 43 59 72 88 94 102 107 103 102 102 98 91 87 88 91 90 95 98 100 112 125 128 134 132 132 132 130 128 123 117 111 97 88 92 87 91 99 106 114 118 123 134 157 174 185 203 229
-119 -130 -138 -149 -158 -156 -160 -168 -179 -180 -177 -167 -156 -152 -155 -150 -142 -134 -124 -115 -100 -85 -76 -65 -67 -62 -56 -58 -63 -72 -87 -98 -100 -105 -96 -87 -84 -80 -67 -46 -31 -21 -19 -14 5 28 41 48 62 69 86 104 123 129 128 122 119 112 112 110 113 110 106 110 114 121 121 132 144 150 150 150 158 162 155 144 145 142 142 126 115 119 118 122 128 134 141 154 155 168 192 209 228 242 265
-123 -132 -137 -144 -146 -153 -162 -173 -174 -177 -181 -174 -155 -148 -153 -155 -145 -128 -122 -115 -98 -84 -71 -63 -63 -55 -53 -56 -59 -63 -73 -77 -75 -86 -84 -81 -79 -71 -54 -35 -20 -19 -18 -7 20 39 50 62 75 91 110 127 139 145 146 143 139 132 135 133 131 130 126 129 135 140 133 142 164 175 176 180 189 188 175 165 166 165 163 159 149 144 147 157 161 161 171 184 198 205 224 241 263 282 303
-124 -123 -129 -128 -129 -136 -147 -164 -167 -172 -184 -178 -164 -149 -143 -145 -141 -135 -132 -117 -97 -83 -72 -69 -63 -53 -55 -55 -59 -57 -63 -68 -64 -62 -62 -65 -70 -65 -44 -25 -19 -20 -17 2 29 48 63 82 93 111 134 149 160 164 161 154 153 155 152 149 150 148 141 145 157 156 150 157 176 196 203 206 208 199 190 188 184 182 181 181 172 174 180 189 195 197 209 221 231 243 258 271 293 317 332
-127 -123 -124 -124 -125 -128 -134 -146 -158 -165 -172 -170 -161 -145 -137 -136 -137 -139 -139 -125 -110 -92 -77 -73 -69 -56 -49 -51 -58 -60 -59 -53 -48 -46 -48 -54 -63 -58 -34 -18 -13 -14 -3 17 38 60 76 93 109 132 152 161 167 173 177 169 167 168 170 167 165 165 167 177 179 178 176 183 200 212 219 223 222 208 204 195 192 196 200 204 198 197 203 217 228 238 250 257 266 273 296 305 328 349 362
-128 -123 -125 -132 -126 -122 -129 -139 -146 -147 -152 -161 -158 -144 -140 -140 -137 -139 -141 -135 -121 -100 -87 -79 -71 -64 -52 -50 -50 -47 -45 -44 -35 -32 -38 -45 -51 -43 -27 -11 -4 3 17 30 58 78 90 97 122 151 167 174 171 179 186 186 187 186 191 187 181 186 189 205 204 200 204 211 216 220 225 226 217 209 203 193 191 200 213 217 219 222 227 240 250 261 275 284 293 299 321 329 357 380 396
-125 -123 -128 -137 -131 -123 -128 -135 -138 -142 -148 -151 -146 -145 -145 -141 -138 -138 -141 -136 -127 -106 -90 -84 -70 -62 -53 -53 -49 -38 -30 -35 -26 -22 -25 -35 -37 -30 -16 -8 4 19 25 50 78 95 107 118 139 161 179 186 188 194 203 209 203 201 198 195 199 208 213 219 219 214 219 220 224 221 223 225 213 210 205 195 196 206 220 226 231 242 249 254 259 270 286 296 307 326 344 357 376 401 421
-125 -126 -130 -133 -127 -125 -124 -127 -130 -134 -143 -144 -140 -137 -139 -131 -124 -129 -135 -133 -129 -114 -95 -89 -78 -61 -53 -48 -44 -36 -27 -25 -19 -14 -7 -10 -23 -22 -10 2 17 26 40 72 98 109 121 140 158 177 186 192 200 211 214 217 209 206 209 216 224 229 231 235 229 221 226 228 230 232 236 229 220 216 211 208 214 222 233 243 254 267 273 273 271 277 291 304 322 341 365 382 397 414 435
-126 -127 -127 -118 -121 -124 -121 -123 -126 -127 -133 -135 -134 -133 -132 -120 -118 -115 -122 -129 -126 -110 -94 -89 -83 -72 -63 -54 -43 -32 -25 -21 -17 -5 4 7 -9 -14 -11 5 22 37 60 87 105 119 131 152 169 189 204 204 203 211 214 214 215 209 217 225 233 237 238 243 240 232 232 237 243 247 244 238 236 232 226 232 238 236 247 264 275 293 300 298 292 289 302 317 330 348 379 399 414 429 453
-122 -120 -124 -123 -122 -120 -115 -114 -119 -120 -119 -121 -123 -124 -123 -112 -115 -114 -115 -117 -113 -99 -90 -87 -87 -79 -70 -61 -46 -38 -31 -25 -21 -9 6 12 1 -2 0 15 32 51 78 93 111 129 147 162 178 202 223 221 215 216 216 215 219 214 220 238 243 247 250 252 251 240 241 249 254 257 257 258 258 252 253 261 267 266 268 289 304 318 328 325 320 315 319 323 340 367 385 398 427 450 473
-127 -127 -126 -126 -119 -110 -104 -105 -114 -112 -108 -113 -116 -117 -118 -111 -106 -110 -109 -101 -97 -93 -84 -81 -76 -71 -62 -54 -39 -30 -29 -28 -24 -15 2 9 7 8 10 25 49 64 81 99 118 132 152 169 189 214 235 234 232 231 229 232 233 227 231 247 253 259 259 259 260 259 257 260 270 271 276 279 281 282 276 288 292 292 301 317 332 342 354 350 343 345 346 347 364 385 401 416 443 470 498
-131 -137 -133 -121 -109 -108 -108 -110 -117 -116 -112 -117 -115 -117 -117 -111 -104 -98 -92 -85 -80 -82 -70 -58 -56 -57 -55 -43 -28 -19 -16 -21 -20 -15 -6 4 6 5 13 25 51 69 82 102 123 144 166 181 199 216 232 238 246 250 251 254 255 247 248 254 256 266 266 266 264 269 275 280 285 297 300 308 313 312 311 311 310 315 325 338 349 363 369 367 358 362 365 376 394 409 420 437 470 501 521
-128 -140 -133 -116 -110 -111 -113 -117 -115 -114 -115 -109 -110 -113 -113 -103 -92 -84 -80 -73 -65 -66 -55 -43 -50 -51 -45 -35 -17 -14 -12 -12 -16 -12 -7 -1 0 8 15 29 50 72 86 100 124 152 172 191 196 207 224 240 261 275 275 273 271 267 270 267 269 272 270 281 282 285 295 304 307 320 329 335 340 335 332 331 327 336 341 351 360 373 384 383 380 376 388 406 422 433 444 456 482 514 534
-130 -139 -135 -119 -114 -112 -117 -123 -120 -110 -108 -101 -103 -107 -100 -96 -88 -79 -73 -60 -50 -43 -39 -41 -49 -47 -37 -32 -14 -8 -9 -9 -14 -6 4 4 4 11 21 34 51 71 86 105 124 152 172 193 203 207 229 248 271 289 291 291 289 291 288 283 285 288 285 285 295 305 315 327 333 344 353 356 358 356 354 356 351 356 357 360 373 389 394 392 394 397 405 428 445 452 463 475 494 519 542
-133 -135 -129 -120 -119 -128 -130 -127 -121 -117 -116 -110 -105 -102 -95 -96 -84 -73 -67 -57 -46 -30 -30 -37 -47 -45 -38 -29 -20 -11 -9 -9 -5 4 9 11 9 12 21 34 49 73 91 109 132 155 176 194 215 226 245 258 276 289 299 306 309 312 309 304 303 305 303 299 304 320 332 352 360 362 365 369 372 372 381 380 367 364 367 367 383 398 402 410 415 429 436 449 469 475 487 495 512 535 554
-129 -136 -130 -122 -131 -142 -142 -130 -124 -121 -118 -113 -109 -103 -98 -90 -82 -68 -57 -52 -43 -33 -34 -45 -53 -45 -38 -31 -25 -14 -10 -8 2 9 11 13 10 16 23 35 49 73 95 115 133 155 179 201 222 239 253 264 276 286 305 322 329 320 324 325 326 321 324 319 317 332 345 361 369 373 376 374 379 379 387 392 382 373 379 383 392 401 413 423 433 455 463 477 487 493 501 509 526 549 569
-127 -136 -137 -131 -136 -143 -147 -144 -137 -130 -124 -117 -113 -105 -94 -80 -71 -61 -54 -45 -38 -38 -43 -57 -62 -57 -47 -37 -30 -24 -12 -4 -0 1 6 13 11 15 22 35 51 67 92 114 136 153 175 195 224 238 252 265 282 298 316 333 339 336 340 338 339 334 336 333 328 340 349 363 372 376 384 385 390 394 396 401 395 392 396 401 407 412 424 441 457 476 490 497 507 518 525 530 542 568 580
-128 -129 -133 -133 -133 -143 -148 -149 -147 -137 -131 -123 -116 -104 -92 -84 -74 -72 -69 -58 -44 -41 -54 -64 -61 -61 -49 -43 -35 -26 -21 -13 -7 -2 8 14 13 13 23 35 48 67 91 115 137 158 173 198 224 239 254 269 289 308 326 330 337 339 344 343 337 343 343 344 344 348 359 370 374 378 386 400 403 408 414 414 407 406 407 417 419 422 438 457 478 499 503 512 530 540 546 554 567 580 590
-127 -123 -124 -130 -133 -145 -150 -150 -151 -146 -139 -131 -116 -101 -94 -89 -79 -80 -77 -68 -62 -58 -60 -59 -56 -53 -49 -40 -32 -30 -25 -18 -11 -6 1 7 10 9 21 39 52 68 87 111 135 155 176 202 225 238 251 276 293 308 321 330 337 345 351 348 342 348 350 350 352 358 367 375 375 377 390 408 416 426 434 434 427 422 425 426 432 443 453 464 482 504 510 521 537 548 558 570 580 593 592
-122 -118 -124 -132 -134 -144 -147 -144 -148 -148 -148 -141 -125 -110 -104 -98 -87 -91 -88 -78 -76 -74 -71 -63 -57 -52 -46 -44 -33 -30 -25 -15 -3 -4 -1 6 13 16 28 38 49 67 84 103 126 151 170 194 218 228 253 277 297 316 328 337 341 346 353 351 347 351 354 361 364 368 376 377 372 383 397 421 430 444 453 455 446 440 433 430 439 455 466 472 483 502 508 521 540 557 568 580 587 598 595
-113 -114 -119 -126 -137 -140 -146 -144 -139 -143 -149 -142 -132 -124 -118 -119 -108 -101 -93 -90 -92 -82 -73 -73 -64 -56 -44 -41 -35 -27 -13 -5 7 10 4 6 11 21 27 41 54 67 86 102 119 146 165 186 210 224 257 284 298 318 330 333 341 342 344 347 347 358 367 375 378 378 382 387 385 394 410 427 436 450 461 468 459 451 438 444 451 462 476 491 499 502 504 522 540 558 576 583 593 604 606
-107 -110 -117 -116 -125 -130 -139 -141 -133 -135 -144 -141 -131 -123 -120 -123 -116 -106 -97 -97 -98 -90 -80 -72 -65 -56 -38 -35 -37 -29 -8 4 9 18 13 7 11 22 33 49 65 74 88 99 121 148 171 194 211 230 256 285 305 318 330 340 346 349 352 350 353 369 378 393 402 402 398 403 407 415 426 436 446 452 468 472 463 456 451 453 456 462 477 494 505 508 512 520 539 558 572 583 592 601 603
-94 -98 -113 -117 -125 -129 -134 -134 -129 -133 -134 -127 -122 -124 -121 -122 -114 -103 -95 -92 -96 -93 -85 -71 -56 -43 -28 -23 -32 -26 -14 -3 6 10 12 11 15 27 42 53 69 82 90 112 131 159 187 204 215 230 257 280 302 313 332 345 357 357 360 362 368 385 397 409 417 423 419 422 432 440 451 449 456 460 469 476 474 469 468 462 462 468 481 496 504 506 513 516 531 547 563 578 587 590 582
-82 -91 -105 -119 -128 -130 -137 -135 -120 -113 -111 -111 -118 -125 -125 -123 -107 -101 -98 -91 -89 -87 -77 -67 -54 -40 -36 -28 -29 -26 -20 -15 -4 -1 1 10 19 41 50 63 78 98 113 131 151 177 199 219 227 234 253 275 297 313 329 340 353 354 360 367 377 397 412 425 439 438 435 439 448 454 462 460 466 470 472 485 489 484 477 467 466 474 481 491 494 502 504 513 527 543 558 565 579 584 571
-85 -93 -105 -118 -123 -126 -136 -138 -120 -105 -105 -105 -108 -114 -123 -120 -104 -96 -90 -81 -76 -74 -70 -64 -59 -51 -43 -40 -34 -22 -18 -19 -11 2 3 12 33 54 70 79 95 117 139 156 169 185 207 229 242 243 253 274 290 311 321 336 349 357 363 376 386 408 428 442 452 456 455 457 466 472 475 469 480 486 490 494 496 498 493 481 474 472 469 471 480 490 497 506 521 544 557 564 574 579 573
-95 -100 -105 -116 -126 -129 -135 -137 -129 -120 -114 -110 -111 -115 -127 -118 -99 -90 -83 -75 -65 -62 -62 -65 -62 -57 -48 -38 -32 -21 -23 -21 -14 3 11 25 41 60 77 91 103 128 154 169 185 197 215 232 245 247 266 278 291 307 318 337 350 360 374 384 397 417 436 448 457 462 467 473 481 485 488 490 500 500 500 499 499 503 504 492 478 474 474 468 471 478 500 507 527 542 557 558 563 564 564
-107 -105 -108 -116 -121 -132 -136 -139 -136 -122 -115 -123 -129 -127 -123 -108 -91 -88 -84 -72 -60 -57 -60 -64 -58 -56 -49 -39 -31 -26 -22 -24 -19 0 12 31 46 63 79 84 108 129 146 169 187 204 221 236 248 259 274 279 294 312 328 340 350 359 374 385 398 419 431 448 463 468 477 489 498 509 513 514 519 513 507 506 506 506 508 499 489 476 479 474 470 477 494 511 531 545 552 554 555 554 550
-118 -115 -116 -114 -120 -132 -139 -148 -152 -137 -127 -134 -136 -131 -123 -105 -87 -84 -81 -69 -64 -61 -62 -62 -53 -50 -51 -46 -38 -29 -24 -24 -18 -6 8 32 46 64 79 86 106 125 142 158 183 206 221 237 249 259 271 281 296 320 334 341 347 356 369 387 408 426 438 454 469 483 497 506 509 517 526 522 530 526 524 520 516 520 514 512 500 491 488 487 483 482 483 503 526 541 552 546 542 548 543
-125 -121 -119 -122 -132 -136 -146 -153 -155 -152 -142 -137 -135 -131 -127 -105 -90 -84 -78 -75 -71 -63 -63 -64 -59 -55 -55 -52 -40 -32 -30 -23 -17 -8 9 27 42 64 78 89 103 116 131 153 174 202 223 237 251 263 275 285 299 314 330 343 349 355 372 391 412 431 450 467 481 495 508 511 513 518 524 526 536 541 537 531 525 527 526 521 511 504 499 493 485 478 477 494 514 527 537 537 532 543 548
-127 -126 -132 -138 -138 -138 -148 -147 -151 -154 -150 -142 -139 -141 -131 -107 -90 -87 -77 -75 -75 -64 -63 -69 -63 -63 -57 -46 -35 -24 -20 -19 -10 -3 11 33 43 57 69 84 98 114 128 149 173 204 229 236 248 265 272 281 295 312 329 337 345 362 375 391 418 436 452 479 493 507 515 515 515 519 522 522 538 545 543 539 531 532 531 522 512 503 499 491 483 472 476 482 497 512 519 530 531 534 540
-136 -138 -146 -154 -145 -144 -150 -148 -150 -152 -153 -151 -148 -153 -142 -116 -99 -89 -81 -78 -82 -72 -65 -69 -68 -59 -48 -40 -36 -27 -13 -12 -4 14 24 40 50 58 67 85 103 114 130 150 170 201 226 235 240 256 263 273 284 303 321 334 347 367 382 398 425 448 466 484 503 511 518 515 512 520 525 527 540 547 541 541 535 532 532 523 515 504 496 490 480 473 468 469 480 489 505 523 530 530 530
-141 -140 -153 -161 -159 -154 -153 -153 -157 -162 -163 -164 -158 -155 -141 -120 -109 -103 -97 -100 -106 -97 -82 -75 -68 -59 -46 -37 -34 -29 -8 -3 3 22 38 54 63 64 75 86 100 108 121 140 156 181 205 219 231 245 258 266 279 295 309 325 346 367 384 402 426 453 471 485 501 512 518 517 515 519 527 533 542 543 542 542 536 538 536 532 523 511 501 491 481 479 474 474 482 487 499 511 526 529 531
-156 -150 -155 -158 -152 -152 -153 -156 -164 -169 -170 -170 -159 -155 -143 -134 -130 -126 -120 -116 -118 -109 -100 -85 -73 -61 -50 -36 -31 -21 -7 -2 5 22 40 54 60 63 74 83 98 105 114 125 141 162 186 200 213 234 246 253 270 290 305 312 335 362 385 406 428 452 473 489 497 503 512 518 516 520 533 539 542 545 543 542 541 545 542 539 533 519 510 499 499 496 492 495 504 502 501 505 513 517 520
-157 -154 -156 -160 -156 -157 -159 -160 -169 -169 -172 -176 -168 -165 -156 -153 -151 -144 -137 -126 -125 -120 -104 -90 -80 -59 -45 -37 -34 -15 -5 0 9 19 28 36 45 56 70 79 93 103 109 120 132 151 171 189 201 221 239 254 272 285 302 319 339 365 390 412 432 451 475 491 494 494 504 511 524 527 534 540 540 543 541 539 550 549 545 546 542 529 522 516 519 515 515 516 525 517 510 510 511 509 510
