colorblind_friendly/ch7/frac201.asc
ncols 500
nrows 500
xllcorner 0
yllcorner 0
cellsize 1.000000
NODATA_value -9999
[rows 215 to 257 of 500, columns 95 to 189 of 500]
422 415 408 405 399 392 389 380 384 393 398 402 400 400 400 397 391 390 391 396 391 387 386 388 389 394 395 392 384 369 361 358 352 344 342 344 337 334 329 334 329 326 329 319 318 313 303 290 272 252 232 207 191 186 188 195 202 202 196 189 185 181 174 168 169 169 155 143 135 122 109 105 95 86 72 65 57 51 45 31 23 23 24 18 8 2 -9 -13 -20 -30 -40 -37 -37 -38 -45
407 398 392 389 393 388 389 381 384 392 401 401 398 398 399 389 381 385 392 394 397 395 393 390 390 394 398 396 381 371 366 358 358 350 345 335 336 339 335 335 329 334 334 331 329 331 316 303 280 264 243 224 209 203 199 205 209 208 207 200 196 188 185 179 174 169 156 148 145 139 130 124 106 88 83 71 66 51 38 32 22 18 18 11 3 -2 -13 -12 -17 -30 -39 -38 -33 -34 -46
395 388 379 379 382 382 380 384 385 388 399 403 394 394 398 391 384 385 397 404 406 401 399 394 393 393 397 390 375 366 359 358 357 352 343 326 331 337 344 342 336 342 338 343 345 339 330 311 293 268 255 242 231 225 214 215 210 216 221 216 204 198 195 195 187 180 171 161 158 162 152 135 118 101 90 76 77 64 49 43 29 17 13 0 -5 -3 -7 -9 -22 -33 -39 -47 -44 -35 -45
382 374 368 367 375 379 375 378 381 385 394 401 397 397 397 395 392 395 398 405 407 402 401 403 400 397 396 388 375 366 358 357 355 342 335 329 330 340 352 351 350 350 346 349 346 343 337 315 299 277 268 257 251 242 231 222 220 229 234 227 214 206 203 205 201 189 184 177 171 171 162 145 124 108 97 85 80 73 65 53 33 19 8 -5 -7 -8 -13 -15 -25 -33 -41 -51 -53 -57 -60
376 361 356 363 369 376 376 368 369 380 389 397 398 393 392 392 395 406 407 411 403 402 399 402 399 394 396 398 395 379 363 364 353 334 330 330 338 350 352 351 352 356 358 348 348 338 329 321 307 291 278 264 259 248 240 231 230 236 239 233 222 220 224 222 217 204 196 185 170 166 161 146 130 119 107 95 83 71 65 55 37 26 13 5 -6 -10 -16 -19 -31 -33 -49 -60 -63 -74 -78
377 358 353 360 361 365 366 357 361 368 379 395 397 392 387 390 402 412 414 417 409 403 400 402 402 402 402 404 400 383 365 362 351 339 328 332 346 351 350 350 350 353 356 353 346 336 325 321 313 298 284 266 262 256 247 238 235 241 248 247 242 240 244 237 231 219 203 184 171 165 157 140 134 127 118 96 84 70 59 49 40 32 19 9 -4 -15 -24 -32 -42 -52 -59 -67 -76 -88 -95
380 366 360 354 350 354 359 355 351 363 376 392 398 396 388 390 403 412 423 424 416 413 410 404 401 407 403 401 395 384 365 356 346 339 335 343 351 355 349 344 347 353 354 352 346 337 332 322 316 303 293 282 274 264 252 243 243 244 260 266 263 259 254 247 242 230 208 193 174 165 159 145 134 122 110 100 84 64 58 55 45 35 24 10 -7 -21 -33 -41 -57 -71 -73 -78 -89 -109 -108
390 372 365 354 353 358 360 355 349 354 368 383 394 396 396 400 408 416 422 428 420 421 423 412 404 405 400 391 383 374 363 354 337 332 337 347 348 350 351 350 348 351 353 351 349 347 347 337 323 309 301 288 280 275 260 260 257 256 264 268 274 266 259 255 245 234 215 195 178 164 158 150 138 129 118 106 90 70 59 50 49 45 26 6 -12 -29 -43 -56 -65 -80 -87 -94 -107 -116 -122
397 385 367 366 366 365 363 356 349 353 363 379 385 388 400 410 415 418 425 426 421 426 430 427 414 408 403 397 385 372 367 355 337 329 330 340 340 340 347 350 354 354 354 351 354 354 352 346 332 318 311 299 289 283 276 278 276 270 267 264 270 270 264 257 248 231 217 200 190 178 166 157 148 136 127 114 94 77 65 55 55 54 30 5 -16 -40 -59 -70 -73 -83 -94 -106 -121 -129 -135
410 398 375 367 373 368 362 362 358 359 361 369 373 380 400 410 409 420 426 423 422 425 431 428 424 416 411 408 398 383 374 357 341 335 330 333 340 339 345 353 359 361 355 358 361 360 354 342 333 325 319 306 297 287 284 283 284 280 275 267 268 267 255 254 251 243 229 209 196 186 177 168 150 138 126 113 99 88 74 64 61 51 43 16 -13 -39 -61 -73 -80 -87 -96 -115 -126 -134 -139
422 409 391 377 376 370 366 370 365 362 365 360 365 377 393 401 409 419 426 428 425 425 434 435 432 425 419 412 402 383 374 363 351 348 337 338 343 347 355 363 364 369 367 364 370 368 355 340 328 331 328 316 305 294 296 301 295 291 282 276 270 270 257 248 252 255 244 221 205 202 188 175 154 135 127 119 110 99 83 77 74 59 47 21 -7 -34 -53 -66 -80 -93 -107 -121 -124 -131 -139
440 425 413 394 385 376 369 367 367 367 367 368 369 381 392 401 415 421 428 430 422 426 439 443 443 436 427 421 407 388 381 373 362 355 354 354 353 358 366 365 357 360 364 362 367 370 356 340 329 329 329 323 307 302 309 312 305 303 295 284 274 271 259 245 246 248 236 217 203 195 183 166 146 130 124 121 117 103 89 84 77 64 44 15 -10 -34 -51 -60 -76 -96 -109 -118 -124 -137 -148
450 436 425 404 391 381 374 368 371 374 372 374 380 392 400 409 420 427 427 431 426 428 440 451 457 445 433 423 411 395 385 370 361 360 367 362 363 362 356 353 352 353 356 356 355 353 348 339 323 323 328 325 310 306 317 319 323 312 302 288 278 270 252 233 230 226 222 212 197 184 174 157 138 131 123 113 111 99 89 81 72 56 35 10 -11 -29 -47 -65 -80 -97 -113 -121 -130 -138 -153
457 441 429 410 401 391 383 373 373 385 388 388 387 398 410 417 420 428 428 427 425 428 437 455 460 450 439 432 419 406 390 374 365 363 362 365 364 363 355 344 347 345 341 350 351 344 338 337 321 318 320 317 315 315 327 331 328 316 303 290 281 270 249 232 223 214 211 205 191 177 163 154 141 129 126 110 106 94 89 83 76 60 41 17 -0 -18 -40 -62 -83 -102 -117 -125 -126 -137 -152
466 449 435 417 408 397 394 387 385 396 396 396 399 404 409 417 423 428 427 426 424 425 427 445 454 449 437 433 417 405 391 379 368 362 360 359 355 354 347 340 339 334 333 342 350 342 331 324 318 315 311 308 311 314 327 333 330 319 302 287 277 267 255 240 221 207 199 195 185 173 159 148 138 134 125 113 107 93 89 88 78 60 48 29 10 -12 -33 -60 -89 -109 -118 -122 -114 -122 -138
472 462 451 431 419 413 409 401 398 404 407 407 413 413 409 415 430 434 423 416 419 417 419 432 446 447 436 428 410 394 380 370 366 358 353 348 345 343 344 335 332 328 330 335 341 340 325 315 312 310 306 303 306 313 321 331 330 320 301 281 277 269 253 240 218 200 194 194 183 175 165 150 137 129 125 113 110 100 90 84 79 69 53 37 17 -9 -30 -62 -81 -100 -104 -105 -99 -107 -125
478 472 460 449 439 431 422 414 410 413 418 424 426 416 415 423 431 431 421 413 412 410 415 427 436 441 435 429 413 394 380 371 362 356 352 344 339 339 344 336 326 324 324 327 325 323 317 310 303 301 301 308 313 313 318 323 316 312 300 286 276 263 255 238 216 204 200 198 191 188 175 162 146 124 115 112 116 102 93 83 73 61 48 36 13 -12 -37 -60 -70 -82 -82 -82 -85 -94 -114
487 478 469 463 454 447 433 429 425 421 432 441 439 427 421 426 425 424 418 418 413 410 421 433 435 432 429 427 413 398 388 378 372 362 355 343 345 342 341 336 330 325 318 322 317 314 309 302 297 294 307 319 322 312 312 315 308 299 291 285 273 263 256 243 222 211 205 202 194 187 176 166 155 136 122 114 114 105 97 89 74 60 50 35 9 -22 -37 -50 -61 -69 -72 -71 -75 -90 -106
493 489 481 479 468 461 453 447 448 450 452 454 449 435 429 421 415 424 423 421 414 414 425 433 428 420 418 413 408 401 390 381 381 379 366 355 355 353 345 339 335 326 322 322 313 313 306 303 297 297 309 311 312 309 311 307 302 295 288 279 270 256 254 244 227 214 208 199 187 185 175 171 165 150 137 123 116 109 102 94 78 59 50 33 9 -22 -39 -50 -55 -61 -69 -68 -75 -87 -96
497 498 494 491 479 469 456 456 463 468 469 466 458 442 428 417 414 422 421 418 413 411 418 420 425 417 411 410 407 402 385 381 383 386 378 372 370 359 353 346 335 331 326 318 318 316 315 315 302 300 301 299 303 305 312 307 296 292 288 276 267 260 252 240 227 211 205 190 185 192 187 181 169 160 147 132 120 108 100 95 77 58 47 29 8 -17 -31 -40 -52 -57 -65 -73 -88 -90 -93
506 508 504 501 488 476 470 469 476 482 481 471 460 447 437 422 418 419 419 415 418 417 419 417 422 418 411 404 394 389 387 384 377 378 377 376 373 364 360 348 339 330 326 323 319 319 321 315 306 302 299 298 301 303 305 300 286 289 288 276 268 261 250 233 220 210 202 196 192 193 188 178 172 164 147 134 122 109 94 91 84 65 50 24 3 -10 -25 -36 -42 -51 -63 -70 -82 -86 -87
508 514 506 502 495 492 483 478 484 487 481 465 463 456 445 436 426 419 425 424 427 426 419 417 422 423 409 400 389 382 381 381 376 369 366 367 365 360 356 345 341 333 333 328 317 318 322 323 319 310 303 298 296 296 291 286 278 275 271 265 269 258 246 230 214 206 200 198 192 189 178 172 164 157 147 130 121 102 86 86 84 73 49 23 4 -7 -17 -30 -34 -36 -48 -63 -69 -79 -77
497 502 505 502 496 495 488 483 487 486 478 468 467 466 457 446 435 423 430 428 432 430 422 426 422 418 405 393 387 383 377 372 367 364 355 351 361 363 351 341 336 329 329 320 313 308 318 326 332 315 303 298 296 288 280 277 267 259 260 258 262 254 238 226 211 205 201 193 186 179 167 163 152 147 139 125 117 107 93 83 76 72 58 40 18 7 -5 -21 -34 -30 -43 -59 -60 -67 -67
494 500 497 499 491 485 480 477 482 481 473 470 467 464 459 457 448 438 435 435 430 422 421 429 422 410 403 394 385 381 375 361 351 346 346 348 359 367 354 343 336 329 320 308 304 304 316 324 325 316 299 290 292 288 286 272 261 253 256 262 255 248 238 229 219 208 191 181 172 166 153 143 135 131 127 116 113 108 90 83 83 80 68 57 36 16 7 -10 -24 -28 -42 -53 -56 -66 -69
490 495 498 496 490 486 478 476 479 476 464 460 465 463 462 459 456 445 436 433 428 419 416 424 415 401 398 396 387 383 372 355 344 334 332 334 351 357 356 348 343 332 317 301 296 302 308 312 311 312 296 287 290 292 292 275 263 257 262 258 257 256 245 234 220 199 177 167 162 154 142 126 121 114 111 105 106 106 96 97 96 89 78 66 50 37 20 -5 -19 -25 -40 -45 -53 -61 -68
486 487 490 497 498 489 483 477 473 464 452 447 454 454 454 450 453 441 436 432 423 416 415 419 406 396 398 397 391 390 376 360 341 329 329 333 342 346 345 341 338 332 316 305 297 293 296 303 301 300 294 287 286 288 284 281 272 271 270 264 264 260 245 229 211 187 170 159 157 146 130 116 105 100 100 100 101 99 95 104 101 95 91 76 65 52 29 0 -18 -33 -41 -46 -57 -63 -62
468 472 482 494 500 486 479 471 461 450 438 435 439 440 438 440 437 428 428 424 428 422 414 413 400 392 394 392 392 388 373 362 345 329 325 329 334 335 330 325 324 319 309 300 301 290 287 293 289 292 292 291 292 286 287 284 280 278 272 271 265 248 236 221 201 176 163 148 145 135 123 110 102 96 94 91 95 98 99 103 100 100 101 90 79 55 28 6 -16 -33 -39 -42 -54 -57 -58
461 466 471 483 490 486 482 469 457 444 432 429 430 435 430 435 432 419 418 422 423 420 415 413 404 392 388 383 383 377 365 355 340 322 314 319 323 325 317 312 310 307 297 296 295 293 293 299 295 298 294 293 293 287 291 285 280 274 276 271 266 251 235 216 196 175 157 147 139 124 113 103 96 91 90 89 93 106 104 107 110 109 109 97 84 57 30 5 -13 -31 -40 -41 -45 -50 -62
461 468 471 478 485 480 472 465 455 450 434 422 423 422 415 416 420 413 413 425 418 411 415 413 402 385 380 381 375 371 357 339 325 313 310 314 317 316 312 302 300 292 288 288 287 290 299 301 297 294 288 286 282 282 286 289 286 281 285 280 274 261 237 215 194 171 155 144 135 121 107 99 98 90 89 89 96 114 115 122 126 127 114 98 81 60 34 4 -16 -30 -42 -49 -48 -51 -61
464 469 471 471 478 471 458 450 449 440 422 405 398 400 400 401 403 407 408 419 416 410 412 408 391 377 375 373 368 363 344 325 312 309 310 311 307 306 302 299 304 298 295 286 290 289 296 304 299 290 286 287 275 274 278 286 285 285 289 284 271 257 236 217 193 165 150 144 133 125 110 103 101 93 86 85 96 115 122 127 130 127 118 102 81 63 35 2 -14 -28 -43 -54 -57 -56 -65
463 468 467 470 474 464 453 442 440 424 405 393 381 379 389 391 391 391 399 408 412 412 410 403 389 375 367 361 352 350 336 311 302 305 306 310 305 294 292 296 305 299 297 298 297 295 298 302 295 288 286 287 276 267 271 288 285 285 285 281 263 245 229 216 194 171 155 142 143 135 125 119 106 94 83 85 97 112 116 120 118 118 119 105 86 66 38 10 -7 -24 -38 -59 -66 -70 -78
465 468 469 468 469 456 442 435 434 418 396 392 380 371 379 386 385 384 386 398 406 409 407 401 389 370 358 353 348 343 326 302 294 301 301 302 304 298 294 292 291 297 300 300 299 296 293 289 284 285 282 283 278 272 278 289 282 277 271 263 245 224 212 206 191 177 164 146 146 146 138 127 113 101 96 92 89 100 107 110 105 111 111 101 83 67 45 25 0 -21 -47 -64 -70 -81 -91
460 463 460 459 461 455 441 428 423 406 387 383 380 372 370 374 377 380 382 386 390 401 399 389 377 370 355 342 341 328 311 296 287 294 290 287 293 296 293 289 280 283 292 294 296 297 289 283 275 277 278 287 286 275 273 275 269 264 258 247 227 209 198 194 185 173 162 147 141 151 146 133 128 116 105 94 87 90 97 102 98 95 101 94 83 67 44 24 -3 -31 -54 -71 -85 -90 -95
456 453 448 447 452 445 438 426 414 395 381 379 381 377 375 371 374 384 379 382 386 393 393 380 371 369 358 340 326 317 301 280 272 278 280 280 287 283 277 276 271 270 281 279 284 289 289 281 275 276 275 276 274 265 266 261 246 234 234 228 217 203 196 189 187 176 158 148 145 155 151 148 135 125 114 96 82 83 87 93 98 98 93 94 85 67 43 13 -12 -36 -58 -79 -91 -95 -102
451 450 451 452 449 443 438 427 415 393 377 374 379 377 375 376 384 382 375 381 388 389 382 375 364 359 351 341 321 309 295 280 274 276 276 281 282 266 261 260 259 263 270 267 269 277 282 278 275 271 267 265 261 254 255 249 232 212 205 201 197 192 182 177 174 170 149 149 156 162 158 152 143 133 115 92 78 74 84 86 94 88 86 85 77 59 37 5 -23 -44 -65 -87 -102 -103 -108
438 443 446 449 452 441 429 421 408 393 380 370 368 371 374 377 384 378 372 374 377 371 373 365 350 340 333 330 309 293 281 277 285 282 276 272 275 259 251 247 248 249 246 246 253 256 260 264 265 258 256 250 241 232 234 224 210 197 184 175 170 168 159 160 156 155 150 150 152 163 164 152 144 133 108 88 73 73 75 79 84 85 87 84 71 50 27 -4 -28 -50 -68 -88 -101 -104 -106
425 434 435 434 442 441 433 421 402 385 371 362 362 361 364 368 372 370 369 367 361 354 354 348 331 321 315 310 299 289 277 272 278 274 267 263 268 254 238 235 238 234 233 229 235 241 244 244 245 236 226 217 213 205 201 196 185 182 172 161 163 163 158 159 151 150 157 157 158 165 168 161 145 133 113 92 77 69 66 69 68 74 83 76 65 48 23 -12 -37 -56 -71 -82 -93 -104 -106
421 424 425 429 438 436 432 414 391 373 355 347 351 353 354 362 360 358 358 352 347 341 335 326 313 309 306 296 288 280 272 263 263 263 257 251 249 236 225 219 222 229 227 225 224 224 230 231 227 215 200 191 190 182 176 173 169 166 153 152 161 166 161 161 158 156 160 166 171 173 170 164 149 132 116 91 66 58 54 53 53 61 71 70 63 44 12 -15 -37 -54 -63 -73 -88 -90 -93
423 417 421 426 431 427 423 406 382 368 350 340 342 352 355 350 345 346 341 338 341 338 329 314 302 298 295 285 278 269 264 256 254 255 251 241 240 227 214 209 213 224 221 217 217 212 212 212 209 200 187 179 168 164 161 162 160 158 150 146 156 160 161 156 156 155 160 164 165 169 168 166 146 125 110 82 59 43 37 38 38 48 61 64 55 35 7 -14 -36 -43 -54 -67 -80 -76 -79
427 421 425 426 428 423 408 393 377 365 353 343 345 343 344 337 334 335 331 331 332 329 319 312 298 288 282 279 271 253 248 249 243 242 237 235 237 223 212 208 212 215 216 218 211 213 207 198 196 180 172 174 168 160 158 159 149 151 154 154 157 152 155 153 158 160 154 159 162 162 163 159 141 120 100 77 60 44 40 32 26 37 51 49 40 28 13 -8 -26 -33 -46 -57 -65 -66 -73
431 423 424 415 417 410 400 385 377 367 357 348 346 343 337 334 332 331 337 335 330 322 319 316 300 284 279 272 261 248 232 235 229 219 218 225 228 221 216 212 209 218 215 213 210 207 204 195 186 174 170 174 168 152 147 147 143 139 146 156 152 147 147 151 151 148 140 143 151 159 159 153 131 110 95 73 59 47 38 31 24 26 35 38 33 27 19 -1 -23 -34 -32 -43 -54 -65 -76
436 426 421 412 410 408 395 376 379 376 363 356 354 357 346 339 333 328 331 330 325 323 318 310 293 279 267 264 260 247 227 222 217 210 205 211 209 211 213 208 205 217 215 208 202 200 197 188 178 175 167 167 161 152 145 144 138 130 135 142 147 148 149 145 142 137 132 136 143 152 149 145 128 106 86 71 59 44 35 27 25 24 22 25 25 18 19 3 -21 -29 -31 -42 -61 -70 -78
442 430 426 418 415 410 393 373 376 375 364 358 360 360 354 340 335 330 323 320 319 323 316 305 292 279 263 255 256 237 219 210 207 204 207 206 205 210 213 213 208 211 216 209 205 200 187 179 173 169 169 162 159 153 142 133 131 125 129 129 135 147 146 143 138 134 133 136 136 133 134 128 116 99 83 66 56 48 35 23 19 27 21 14 14 11 13 1 -15 -30 -37 -50 -63 -73 -76
