colorblind_friendly/ch7/frac201.asc
ncols 500
nrows 500
xllcorner 0
yllcorner 0
cellsize 1.000000
NODATA_value -9999
[rows 129 to 171 of 500, columns 380 to 474 of 500]
-408 -418 -420 -429 -434 -432 -434 -421 -404 -386 -368 -360 -349 -334 -331 -336 -329 -330 -331 -322 -308 -304 -315 -322 -313 -307 -305 -292 -280 -264 -242 -223 -219 -221 -221 -215 -217 -222 -224 -228 -243 -262 -275 -277 -287 -292 -292 -287 -288 -288 -288 -281 -274 -271 -268 -261 -261 -263 -264 -254 -251 -243 -236 -218 -201 -191 -183 -171 -178 -174 -167 -168 -156 -147 -137 -136 -134 -117 -109 -106 -103 -107 -110 -111 -106 -100 -94 -84 -68 -56 -47 -37 -34 -35 -47
-396 -406 -417 -432 -433 -427 -427 -412 -405 -386 -360 -352 -342 -334 -324 -324 -323 -324 -322 -318 -311 -310 -317 -316 -312 -306 -297 -282 -272 -257 -243 -232 -225 -226 -222 -220 -228 -238 -231 -238 -258 -279 -286 -290 -300 -303 -302 -295 -304 -307 -307 -300 -289 -292 -288 -281 -278 -270 -266 -262 -254 -240 -236 -227 -211 -200 -185 -180 -186 -188 -184 -179 -162 -142 -136 -135 -128 -120 -119 -120 -126 -127 -121 -119 -116 -112 -102 -90 -67 -52 -38 -33 -27 -33 -42
-403 -409 -420 -429 -426 -418 -418 -407 -390 -378 -360 -348 -342 -334 -323 -313 -305 -313 -312 -308 -305 -305 -312 -313 -307 -296 -283 -270 -261 -249 -237 -234 -231 -228 -227 -235 -249 -258 -255 -259 -273 -285 -289 -296 -304 -311 -317 -313 -314 -321 -316 -309 -308 -310 -307 -295 -286 -277 -267 -261 -258 -249 -244 -231 -226 -214 -201 -199 -197 -195 -197 -191 -164 -144 -137 -134 -133 -129 -127 -128 -131 -128 -124 -127 -126 -128 -115 -88 -65 -46 -38 -33 -27 -31 -39
-403 -412 -427 -433 -425 -421 -423 -405 -386 -371 -358 -354 -346 -339 -323 -309 -305 -304 -299 -298 -298 -292 -296 -303 -304 -292 -277 -263 -251 -245 -234 -237 -238 -239 -238 -252 -268 -274 -268 -274 -284 -292 -297 -300 -304 -316 -322 -323 -319 -323 -324 -313 -319 -322 -315 -301 -285 -271 -264 -261 -254 -242 -233 -231 -232 -222 -217 -212 -206 -201 -205 -198 -177 -154 -136 -135 -143 -139 -140 -140 -132 -127 -132 -137 -139 -135 -123 -101 -77 -54 -32 -28 -25 -30 -41
-405 -411 -426 -433 -426 -426 -426 -413 -394 -379 -372 -363 -352 -346 -329 -311 -305 -312 -303 -298 -289 -283 -288 -299 -297 -285 -269 -255 -244 -246 -242 -243 -241 -239 -241 -252 -269 -273 -274 -275 -288 -300 -303 -305 -311 -317 -321 -324 -324 -327 -327 -323 -324 -321 -311 -300 -288 -273 -262 -256 -252 -234 -226 -230 -232 -229 -233 -232 -219 -210 -207 -199 -178 -157 -144 -144 -152 -151 -155 -153 -142 -139 -142 -141 -138 -133 -122 -109 -84 -63 -42 -29 -27 -34 -45
-411 -422 -429 -429 -432 -433 -429 -420 -405 -385 -376 -361 -350 -344 -338 -320 -308 -308 -301 -294 -287 -291 -285 -289 -288 -276 -264 -254 -240 -239 -244 -245 -245 -241 -242 -249 -259 -265 -272 -277 -292 -307 -309 -307 -314 -316 -325 -329 -332 -336 -333 -334 -326 -322 -311 -301 -296 -285 -275 -264 -257 -243 -233 -238 -239 -238 -238 -230 -216 -211 -208 -197 -181 -165 -150 -152 -158 -163 -171 -173 -163 -156 -153 -148 -140 -129 -117 -107 -87 -71 -52 -39 -35 -43 -51
-428 -430 -434 -438 -439 -436 -430 -423 -413 -391 -372 -362 -347 -343 -336 -325 -316 -313 -313 -303 -292 -286 -282 -282 -277 -267 -259 -250 -243 -243 -246 -244 -246 -250 -253 -254 -259 -269 -272 -280 -292 -301 -306 -308 -318 -328 -331 -334 -337 -342 -339 -334 -329 -329 -318 -308 -306 -298 -288 -273 -266 -253 -250 -250 -244 -240 -240 -230 -214 -203 -204 -199 -182 -172 -169 -173 -174 -178 -184 -192 -187 -168 -160 -152 -148 -136 -117 -100 -83 -72 -52 -40 -41 -52 -54
-446 -445 -445 -448 -446 -438 -426 -418 -410 -388 -374 -365 -352 -346 -337 -329 -316 -309 -307 -304 -294 -283 -276 -270 -265 -263 -255 -245 -243 -243 -245 -243 -252 -264 -260 -262 -269 -275 -279 -284 -288 -295 -309 -315 -326 -344 -347 -347 -342 -348 -350 -345 -341 -336 -332 -322 -314 -305 -293 -280 -274 -265 -258 -252 -246 -243 -240 -234 -219 -212 -211 -203 -192 -182 -184 -189 -192 -192 -195 -198 -196 -177 -166 -160 -151 -133 -117 -102 -91 -75 -50 -42 -42 -47 -50
-455 -457 -452 -451 -446 -435 -427 -411 -398 -384 -374 -366 -356 -343 -335 -330 -322 -307 -301 -298 -287 -286 -273 -259 -260 -259 -253 -247 -246 -246 -245 -248 -259 -274 -275 -279 -286 -287 -287 -295 -295 -292 -306 -319 -332 -350 -356 -354 -348 -348 -353 -353 -342 -342 -336 -327 -309 -303 -297 -286 -286 -279 -265 -254 -247 -245 -246 -237 -221 -215 -215 -212 -204 -202 -201 -201 -209 -203 -201 -195 -197 -189 -169 -164 -143 -122 -107 -100 -93 -73 -45 -45 -50 -44 -45
-459 -460 -449 -447 -440 -432 -422 -408 -395 -388 -377 -369 -354 -344 -338 -331 -326 -305 -297 -291 -281 -281 -266 -252 -249 -248 -249 -247 -252 -253 -248 -250 -262 -276 -283 -286 -295 -299 -300 -303 -304 -304 -309 -326 -334 -343 -353 -360 -361 -356 -362 -364 -350 -349 -349 -335 -314 -309 -308 -301 -295 -287 -280 -267 -258 -254 -247 -232 -227 -216 -215 -217 -212 -209 -210 -215 -219 -216 -213 -200 -200 -193 -176 -163 -139 -115 -95 -90 -84 -64 -40 -35 -46 -44 -40
-462 -461 -454 -446 -438 -428 -416 -406 -394 -385 -383 -370 -358 -353 -343 -324 -317 -307 -292 -285 -274 -268 -256 -245 -244 -247 -247 -251 -261 -264 -258 -264 -275 -280 -287 -293 -303 -306 -307 -309 -312 -316 -321 -335 -336 -340 -351 -371 -382 -378 -375 -381 -372 -364 -364 -348 -326 -317 -313 -318 -312 -307 -298 -287 -277 -266 -249 -237 -234 -227 -224 -221 -211 -208 -210 -220 -220 -229 -225 -214 -209 -197 -178 -156 -137 -110 -93 -82 -71 -53 -34 -25 -28 -35 -31
-455 -457 -453 -450 -440 -427 -414 -409 -401 -388 -380 -363 -358 -355 -340 -319 -311 -305 -289 -276 -267 -258 -254 -245 -250 -256 -262 -264 -272 -281 -279 -287 -290 -294 -294 -303 -310 -318 -320 -318 -317 -324 -333 -341 -344 -345 -363 -383 -397 -392 -385 -394 -395 -383 -373 -356 -341 -337 -336 -334 -330 -319 -309 -294 -282 -273 -263 -252 -251 -240 -235 -227 -217 -217 -225 -235 -237 -242 -235 -223 -217 -202 -179 -154 -132 -111 -91 -72 -57 -40 -26 -22 -18 -22 -26
-447 -450 -450 -447 -434 -425 -413 -409 -401 -387 -375 -362 -355 -345 -333 -323 -313 -303 -289 -281 -268 -260 -255 -250 -257 -259 -267 -271 -282 -299 -305 -308 -307 -303 -303 -308 -315 -322 -325 -322 -325 -335 -343 -355 -360 -364 -379 -392 -399 -401 -398 -412 -409 -400 -384 -377 -366 -358 -354 -344 -338 -329 -320 -309 -292 -290 -281 -272 -261 -244 -242 -240 -234 -240 -245 -255 -257 -250 -241 -227 -221 -210 -190 -159 -129 -108 -82 -64 -50 -27 -19 -11 -7 -7 -10
-442 -443 -439 -441 -428 -416 -411 -400 -388 -382 -377 -366 -349 -336 -330 -321 -315 -310 -304 -289 -269 -260 -260 -258 -259 -269 -277 -279 -290 -309 -316 -319 -315 -309 -314 -317 -323 -337 -339 -334 -336 -350 -363 -366 -378 -383 -391 -394 -398 -403 -406 -412 -410 -408 -397 -394 -390 -382 -372 -359 -346 -341 -336 -321 -306 -301 -292 -284 -268 -260 -256 -253 -256 -258 -262 -265 -260 -250 -236 -227 -221 -209 -188 -160 -128 -101 -77 -55 -39 -17 -6 5 10 6 7
-440 -432 -432 -434 -431 -426 -415 -402 -387 -382 -377 -366 -353 -346 -334 -324 -314 -307 -308 -295 -273 -263 -265 -266 -268 -276 -288 -292 -302 -311 -316 -320 -318 -317 -320 -321 -338 -357 -359 -348 -346 -365 -378 -384 -393 -401 -405 -401 -399 -405 -409 -407 -408 -408 -407 -408 -407 -400 -387 -370 -354 -349 -346 -328 -316 -307 -295 -282 -274 -268 -264 -264 -270 -272 -275 -269 -260 -252 -236 -219 -209 -199 -179 -156 -127 -95 -66 -40 -27 -8 5 8 14 19 13
-433 -434 -434 -440 -442 -440 -423 -403 -391 -381 -377 -370 -362 -352 -343 -328 -315 -311 -302 -296 -289 -273 -274 -272 -279 -285 -291 -300 -306 -312 -318 -327 -329 -330 -330 -334 -351 -367 -370 -364 -364 -372 -387 -397 -404 -411 -416 -417 -414 -418 -422 -418 -417 -421 -423 -423 -418 -407 -393 -381 -367 -358 -348 -336 -318 -301 -287 -278 -275 -273 -269 -266 -269 -271 -271 -272 -265 -248 -229 -211 -200 -189 -176 -156 -129 -96 -64 -35 -20 -5 7 15 20 24 20
-427 -435 -439 -444 -446 -444 -422 -408 -396 -388 -379 -369 -356 -348 -343 -330 -321 -319 -310 -304 -300 -287 -286 -290 -299 -306 -304 -302 -303 -310 -318 -333 -338 -341 -343 -345 -364 -377 -383 -381 -382 -392 -399 -405 -414 -422 -427 -427 -427 -430 -431 -428 -429 -431 -432 -430 -428 -420 -406 -393 -377 -364 -358 -345 -318 -295 -285 -280 -283 -282 -277 -263 -262 -261 -266 -267 -265 -249 -224 -208 -193 -179 -169 -156 -125 -95 -62 -35 -12 2 10 21 24 24 30
-429 -442 -445 -444 -444 -436 -415 -405 -396 -391 -379 -363 -350 -347 -338 -327 -324 -329 -324 -320 -311 -303 -299 -303 -309 -312 -306 -302 -306 -318 -323 -340 -349 -350 -355 -357 -369 -381 -386 -389 -392 -402 -411 -415 -428 -432 -426 -430 -432 -434 -433 -432 -435 -434 -432 -431 -435 -427 -415 -403 -392 -380 -370 -357 -333 -305 -290 -286 -286 -288 -280 -263 -261 -263 -271 -269 -261 -245 -224 -209 -190 -173 -165 -151 -126 -85 -48 -28 -2 19 25 29 33 38 51
-437 -449 -454 -446 -440 -431 -420 -407 -393 -386 -375 -359 -350 -344 -331 -328 -325 -327 -322 -319 -318 -314 -311 -313 -314 -313 -306 -308 -319 -331 -337 -346 -353 -359 -363 -368 -375 -385 -389 -398 -403 -410 -418 -422 -430 -429 -426 -434 -437 -432 -432 -431 -428 -431 -432 -433 -436 -431 -423 -418 -406 -389 -386 -368 -349 -327 -308 -299 -297 -294 -286 -271 -268 -270 -270 -264 -264 -250 -225 -205 -184 -170 -153 -137 -118 -83 -43 -12 11 31 39 43 47 43 56
-444 -450 -456 -446 -433 -428 -425 -413 -395 -388 -378 -366 -354 -340 -332 -327 -330 -328 -322 -321 -325 -329 -330 -328 -322 -318 -311 -316 -336 -349 -363 -368 -367 -368 -366 -368 -377 -388 -398 -403 -412 -419 -421 -420 -426 -432 -431 -436 -439 -437 -437 -433 -425 -422 -418 -422 -433 -434 -431 -425 -410 -401 -396 -376 -359 -345 -329 -316 -309 -306 -301 -289 -282 -275 -266 -255 -249 -238 -220 -202 -181 -167 -148 -125 -111 -87 -42 -7 10 23 44 52 54 51 55
-442 -448 -456 -451 -437 -429 -426 -421 -404 -390 -383 -371 -362 -345 -337 -340 -337 -332 -331 -334 -340 -340 -342 -339 -334 -328 -321 -330 -344 -355 -373 -384 -381 -379 -378 -379 -385 -392 -402 -406 -411 -423 -421 -418 -422 -432 -434 -438 -439 -439 -435 -433 -428 -418 -410 -419 -431 -426 -422 -422 -410 -409 -397 -377 -368 -356 -343 -333 -322 -320 -320 -311 -299 -284 -268 -258 -243 -232 -217 -195 -175 -157 -140 -114 -99 -78 -48 -19 5 26 46 60 61 61 60
-434 -442 -452 -450 -439 -437 -432 -427 -415 -401 -384 -372 -367 -354 -351 -351 -352 -352 -347 -352 -358 -359 -353 -348 -347 -346 -343 -343 -349 -358 -380 -392 -390 -389 -389 -393 -397 -406 -407 -402 -406 -412 -411 -412 -420 -427 -434 -445 -440 -437 -434 -430 -423 -419 -415 -423 -430 -423 -417 -411 -406 -399 -388 -383 -380 -374 -371 -361 -337 -334 -334 -327 -312 -297 -281 -259 -244 -232 -217 -200 -177 -153 -130 -111 -94 -75 -52 -24 5 29 53 63 60 65 57
-439 -444 -446 -450 -446 -442 -440 -434 -425 -412 -394 -377 -371 -373 -372 -370 -370 -371 -372 -373 -372 -374 -363 -360 -365 -365 -358 -352 -357 -364 -383 -399 -400 -399 -396 -400 -404 -405 -401 -402 -403 -407 -412 -415 -423 -432 -440 -443 -432 -431 -434 -430 -421 -423 -423 -429 -434 -427 -411 -403 -398 -392 -391 -388 -392 -385 -379 -369 -357 -351 -345 -336 -315 -303 -280 -263 -252 -235 -215 -197 -176 -150 -124 -106 -89 -74 -50 -18 2 25 51 60 54 58 55
-447 -445 -447 -446 -449 -449 -446 -438 -429 -417 -407 -395 -384 -386 -387 -383 -385 -392 -398 -398 -392 -385 -380 -383 -390 -391 -378 -370 -372 -379 -385 -402 -412 -411 -405 -409 -410 -404 -400 -402 -403 -407 -416 -421 -429 -440 -445 -442 -437 -440 -440 -444 -429 -425 -432 -433 -434 -424 -419 -415 -405 -399 -403 -402 -401 -392 -388 -382 -371 -366 -352 -338 -326 -308 -284 -267 -251 -233 -214 -192 -164 -138 -112 -93 -78 -59 -51 -30 -2 18 38 52 56 61 59
-445 -448 -450 -447 -449 -450 -440 -438 -432 -423 -423 -412 -405 -399 -402 -401 -401 -412 -417 -412 -410 -406 -404 -410 -417 -413 -400 -389 -394 -396 -400 -413 -421 -426 -418 -420 -418 -412 -408 -409 -405 -411 -421 -436 -445 -453 -454 -452 -447 -452 -452 -455 -440 -431 -432 -439 -442 -435 -431 -429 -416 -412 -411 -411 -410 -404 -395 -390 -388 -377 -364 -348 -330 -314 -291 -280 -257 -235 -215 -191 -159 -127 -99 -83 -71 -52 -43 -31 -13 2 20 38 46 59 64
-450 -454 -452 -448 -445 -445 -440 -440 -440 -439 -434 -429 -423 -417 -416 -414 -419 -421 -421 -419 -426 -427 -427 -429 -434 -427 -411 -397 -399 -403 -410 -419 -426 -432 -428 -429 -429 -424 -417 -421 -419 -425 -430 -440 -451 -458 -461 -461 -453 -460 -463 -459 -456 -455 -451 -452 -451 -444 -443 -440 -433 -425 -418 -420 -419 -412 -399 -395 -394 -382 -373 -359 -336 -315 -294 -286 -265 -238 -216 -191 -163 -131 -95 -79 -70 -51 -35 -25 -19 -8 12 31 46 56 62
-449 -454 -456 -451 -447 -450 -444 -441 -444 -446 -444 -445 -437 -426 -422 -426 -434 -428 -422 -420 -429 -438 -438 -442 -443 -436 -420 -417 -414 -409 -415 -427 -433 -438 -439 -444 -448 -441 -434 -436 -439 -443 -446 -448 -454 -459 -460 -455 -452 -463 -462 -460 -457 -466 -465 -468 -465 -453 -457 -458 -449 -439 -431 -430 -430 -414 -403 -401 -394 -382 -368 -358 -345 -322 -297 -282 -262 -238 -212 -188 -165 -134 -101 -84 -64 -47 -37 -27 -18 -6 11 24 34 43 58
-450 -460 -466 -463 -458 -452 -449 -451 -448 -451 -450 -456 -449 -433 -425 -435 -439 -437 -435 -429 -429 -439 -447 -445 -445 -443 -435 -430 -425 -420 -427 -439 -444 -449 -449 -459 -464 -458 -449 -448 -449 -453 -456 -461 -463 -464 -458 -454 -454 -456 -457 -449 -454 -463 -466 -469 -473 -463 -464 -462 -452 -444 -438 -431 -425 -411 -403 -401 -397 -384 -368 -360 -343 -320 -301 -281 -258 -239 -214 -187 -162 -137 -109 -89 -65 -48 -35 -26 -17 -4 9 18 30 38 56
-455 -459 -466 -468 -472 -466 -462 -461 -461 -459 -452 -457 -458 -440 -433 -436 -443 -446 -444 -437 -437 -444 -448 -451 -451 -451 -445 -437 -436 -434 -444 -451 -450 -453 -463 -469 -473 -478 -475 -467 -465 -464 -462 -468 -473 -466 -459 -462 -461 -461 -455 -450 -455 -459 -463 -471 -471 -463 -463 -459 -458 -452 -449 -436 -419 -408 -399 -402 -397 -386 -368 -349 -332 -315 -295 -282 -263 -242 -218 -187 -161 -141 -117 -93 -72 -56 -38 -26 -20 -5 2 11 25 41 49
-448 -451 -463 -472 -482 -480 -472 -471 -469 -462 -456 -456 -457 -445 -437 -432 -437 -446 -446 -437 -445 -452 -452 -454 -455 -451 -451 -447 -452 -456 -460 -464 -462 -464 -469 -474 -477 -488 -491 -484 -475 -468 -465 -468 -471 -464 -461 -463 -464 -465 -456 -449 -452 -455 -467 -470 -461 -463 -463 -460 -463 -461 -455 -445 -422 -410 -403 -403 -396 -384 -370 -345 -325 -307 -290 -284 -264 -235 -214 -186 -159 -143 -122 -98 -76 -58 -44 -31 -25 -18 -8 2 13 35 46
-449 -460 -471 -484 -488 -487 -480 -479 -475 -464 -458 -453 -455 -442 -428 -420 -425 -438 -444 -440 -444 -451 -458 -463 -462 -457 -459 -457 -462 -472 -479 -481 -483 -479 -471 -470 -480 -492 -496 -492 -477 -473 -473 -476 -472 -463 -458 -464 -471 -469 -464 -460 -452 -451 -457 -455 -454 -461 -470 -469 -468 -466 -461 -446 -428 -418 -413 -408 -396 -379 -368 -346 -326 -312 -292 -276 -257 -231 -211 -187 -164 -149 -124 -103 -82 -64 -49 -38 -37 -31 -18 -2 12 28 38
-447 -465 -477 -484 -483 -480 -479 -479 -472 -463 -455 -448 -447 -437 -418 -411 -422 -434 -442 -445 -446 -458 -464 -470 -469 -461 -460 -463 -466 -478 -491 -500 -494 -492 -487 -485 -488 -499 -505 -499 -489 -483 -485 -483 -479 -482 -476 -477 -476 -473 -476 -472 -453 -442 -442 -446 -452 -459 -470 -475 -469 -464 -460 -446 -429 -419 -422 -405 -394 -379 -366 -343 -324 -310 -289 -266 -251 -228 -201 -184 -167 -148 -126 -108 -84 -64 -52 -48 -40 -35 -29 -10 8 23 30
-452 -470 -474 -479 -477 -479 -478 -470 -469 -458 -450 -441 -436 -432 -418 -410 -415 -424 -434 -442 -451 -464 -472 -478 -476 -469 -465 -472 -477 -485 -498 -502 -504 -508 -502 -491 -493 -503 -505 -504 -500 -489 -489 -492 -494 -496 -496 -491 -483 -486 -487 -474 -455 -442 -434 -437 -448 -457 -470 -477 -467 -463 -452 -445 -429 -419 -418 -403 -386 -374 -361 -339 -321 -303 -287 -264 -244 -222 -199 -185 -168 -140 -119 -103 -87 -68 -61 -59 -47 -33 -31 -22 -1 16 27
-444 -460 -468 -473 -475 -477 -468 -462 -459 -450 -438 -435 -432 -428 -421 -417 -416 -421 -435 -448 -455 -462 -465 -476 -480 -478 -474 -477 -486 -496 -510 -510 -509 -509 -508 -504 -502 -508 -505 -505 -498 -494 -503 -503 -502 -507 -503 -504 -506 -504 -497 -484 -462 -444 -435 -442 -448 -459 -473 -478 -477 -463 -451 -443 -430 -418 -418 -409 -388 -369 -357 -340 -325 -303 -283 -265 -236 -205 -191 -182 -163 -134 -117 -105 -92 -81 -70 -60 -52 -43 -30 -22 -7 9 18
-440 -453 -460 -470 -475 -468 -453 -448 -438 -430 -426 -431 -437 -431 -422 -416 -415 -424 -440 -445 -451 -455 -465 -472 -478 -482 -484 -484 -494 -506 -520 -513 -509 -500 -505 -508 -510 -511 -509 -507 -502 -502 -507 -514 -518 -522 -518 -514 -516 -514 -505 -494 -466 -442 -437 -448 -457 -467 -477 -482 -482 -468 -461 -448 -432 -426 -424 -413 -397 -373 -350 -336 -324 -308 -288 -264 -234 -204 -185 -172 -148 -124 -118 -109 -96 -86 -76 -65 -62 -56 -40 -22 -10 4 21
-437 -448 -463 -472 -472 -459 -443 -436 -425 -415 -412 -417 -429 -425 -425 -419 -423 -435 -447 -448 -451 -458 -468 -473 -486 -497 -503 -498 -504 -511 -525 -521 -516 -508 -508 -510 -511 -512 -506 -503 -505 -506 -515 -521 -522 -530 -529 -523 -513 -513 -502 -490 -475 -455 -442 -448 -459 -476 -483 -486 -487 -476 -471 -453 -435 -429 -424 -415 -394 -369 -350 -340 -329 -309 -284 -271 -242 -211 -185 -164 -142 -122 -110 -106 -95 -89 -84 -75 -67 -56 -36 -20 -12 8 16
-434 -444 -453 -460 -463 -451 -440 -428 -413 -403 -402 -405 -414 -421 -433 -434 -435 -445 -452 -453 -458 -462 -475 -483 -498 -507 -511 -507 -512 -520 -521 -517 -517 -518 -515 -514 -513 -506 -499 -503 -507 -513 -524 -527 -525 -522 -524 -524 -519 -514 -509 -502 -483 -465 -453 -457 -469 -481 -482 -484 -483 -478 -473 -454 -447 -442 -429 -418 -393 -369 -352 -340 -327 -306 -281 -263 -242 -219 -189 -155 -129 -114 -104 -100 -91 -90 -82 -70 -62 -50 -38 -21 -4 5 15
-432 -430 -433 -439 -442 -435 -433 -429 -416 -400 -398 -399 -404 -417 -426 -438 -440 -449 -458 -464 -471 -477 -486 -499 -509 -511 -514 -517 -524 -527 -525 -524 -518 -519 -520 -517 -516 -515 -513 -511 -515 -524 -531 -533 -527 -523 -522 -526 -523 -509 -506 -506 -491 -478 -471 -468 -476 -485 -484 -482 -475 -474 -467 -458 -457 -450 -436 -415 -399 -378 -364 -347 -334 -314 -284 -264 -249 -225 -190 -149 -123 -108 -101 -91 -88 -89 -80 -66 -58 -48 -39 -18 -3 4 12
-426 -422 -422 -424 -424 -425 -431 -426 -413 -402 -401 -403 -408 -417 -426 -437 -444 -453 -471 -482 -491 -496 -504 -514 -521 -524 -525 -527 -532 -530 -528 -526 -523 -524 -528 -526 -527 -527 -522 -524 -532 -545 -544 -543 -538 -531 -530 -533 -528 -517 -514 -505 -502 -500 -486 -479 -482 -490 -496 -490 -483 -478 -470 -465 -463 -455 -443 -425 -405 -384 -367 -350 -341 -320 -297 -275 -249 -228 -193 -155 -126 -112 -100 -90 -90 -84 -73 -67 -58 -43 -36 -21 -10 3 11
-415 -408 -412 -411 -412 -417 -418 -415 -405 -403 -400 -401 -409 -413 -418 -435 -448 -470 -488 -502 -506 -509 -519 -525 -527 -527 -531 -534 -537 -536 -532 -532 -528 -533 -543 -540 -539 -540 -539 -534 -545 -558 -562 -561 -551 -547 -548 -544 -539 -527 -520 -515 -515 -509 -502 -494 -501 -506 -513 -507 -497 -489 -483 -477 -466 -463 -449 -430 -410 -391 -369 -347 -338 -325 -310 -287 -258 -229 -193 -160 -136 -118 -104 -87 -80 -77 -70 -60 -51 -45 -34 -26 -19 -10 -2
-398 -397 -402 -404 -405 -402 -401 -401 -398 -405 -401 -397 -405 -410 -420 -440 -458 -475 -489 -505 -505 -514 -529 -537 -537 -534 -539 -545 -545 -542 -539 -534 -538 -543 -550 -548 -549 -550 -539 -539 -551 -566 -571 -565 -560 -561 -559 -558 -550 -546 -538 -535 -527 -520 -515 -510 -514 -521 -520 -519 -510 -502 -489 -482 -468 -464 -448 -432 -410 -390 -376 -354 -337 -325 -318 -296 -266 -226 -191 -159 -140 -120 -103 -89 -78 -67 -59 -52 -46 -38 -33 -30 -22 -9 0
-400 -391 -386 -391 -393 -392 -395 -394 -395 -397 -405 -407 -404 -411 -426 -440 -459 -475 -490 -507 -514 -527 -539 -545 -545 -548 -547 -552 -553 -546 -548 -545 -547 -554 -553 -553 -550 -549 -544 -549 -558 -567 -573 -572 -572 -573 -568 -569 -562 -553 -545 -540 -532 -529 -534 -531 -525 -525 -529 -529 -513 -508 -496 -487 -473 -463 -446 -424 -404 -384 -372 -356 -345 -329 -313 -289 -259 -224 -192 -164 -138 -118 -99 -87 -71 -54 -52 -43 -35 -29 -26 -26 -16 -9 3
-397 -391 -379 -384 -384 -383 -385 -389 -391 -392 -400 -405 -402 -405 -421 -442 -457 -476 -493 -511 -526 -535 -542 -543 -546 -551 -552 -555 -555 -547 -542 -541 -543 -550 -555 -557 -550 -555 -555 -560 -563 -572 -585 -592 -594 -589 -582 -579 -573 -569 -553 -545 -538 -540 -544 -537 -529 -531 -535 -533 -516 -506 -500 -493 -480 -463 -446 -427 -402 -380 -363 -354 -348 -332 -311 -283 -250 -218 -194 -171 -140 -118 -99 -89 -69 -57 -48 -36 -23 -22 -21 -17 -12 -5 5
